nome,cpf,email,sexo,idade,nota ENEM,Abandono,semestre do abandono,CRA 2o semestre,CRA 4o semestre,CRA 6o semestre
Ana Luiza Pinto,602.491.857-76,ramoshelena@example.net,feminino,19,762.8264618962828,False,,6.060159986182576,6.124694680898946,9.966639361236311
Luiz Gustavo Viana,730.541.289-97,qrezende@example.org,masculino,24,689.5869075265526,False,,5.0480444660985775,6.94884551550167,5.828310637530788
Vicente Ribeiro,108.467.523-44,pereiraelisa@example.net,masculino,24,791.7874576091638,True,7.0,6.078028451086489,5.761774984554255,8.641340248160471
Sofia Rodrigues,506.839.471-84,beniciogoncalves@example.net,feminino,25,732.9387900725155,True,7.0,8.806693041037946,8.563480489949377,8.425147859350854
Dra. Eduarda da Cruz,267.814.950-11,isis08@example.org,feminino,28,686.5154801767643,True,1.0,,,
Dr. Cauã Castro,721.980.453-97,luiz-fernandoteixeira@example.org,masculino,25,774.3681224053055,False,,5.6675750787859815,6.562355204320703,5.183517348830774
Isis Farias,804.513.927-79,gustavoalmeida@example.net,feminino,19,713.9497666234896,True,6.0,7.621967893700484,7.043176623152096,9.746817756589216
Sofia Fernandes,948.625.107-01,souzalavinia@example.org,feminino,29,685.4605738802818,True,4.0,5.282820134778638,,
Sr. Davi Dias,825.641.309-33,luigida-cunha@example.org,masculino,25,739.6079666461192,True,4.0,8.988985173364936,,
Sra. Isabel Lopes,394.208.651-42,maria-luizafarias@example.com,feminino,28,777.6447360726775,False,,7.221165464970906,6.060121205330526,5.8113632529768395
Felipe Rezende,671.954.280-01,murilo59@example.net,masculino,24,766.9852155387123,False,,6.8526805010556995,8.67015601284227,8.679007373781984
Raquel Dias,967.052.431-80,hcarvalho@example.org,feminino,29,757.0241787203449,False,,5.871507522025908,5.748224233242505,7.8318322046314695
Ana Vitória das Neves,053.274.816-62,ipires@example.org,feminino,24,726.4321417566072,True,1.0,,,
Maria Fernanda da Costa,163.894.250-15,zazevedo@example.net,feminino,21,731.355066988754,False,,7.048386466446175,6.482749641390379,6.005582985579746
Mirella Ribeiro,618.074.392-40,alexandremonteiro@example.net,feminino,28,676.7316457736833,True,9.0,6.428848898458899,8.913733943457503,8.535600117782588
Sra. Cecília Carvalho,862.741.053-44,kamilly25@example.com,feminino,23,760.9813753725405,False,,6.9475700722837965,7.28197046324699,7.972250258241105
Noah Vieira,083.672.149-78,felipe21@example.org,masculino,22,708.6829995602616,True,6.0,5.715854481866955,5.178349926508972,9.462023321562238
João Guilherme Fernandes,052.739.814-41,moraesjuan@example.org,masculino,23,648.5464637094808,False,,9.765765378681104,8.429326152203604,6.333612374584629
Dr. Danilo Moura,269.035.741-07,oliveirasarah@example.com,masculino,26,725.5903883015349,True,3.0,7.22505048754091,,
Theo Martins,497.065.328-38,plopes@example.org,masculino,28,655.4399672341858,True,8.0,8.935498803706269,7.496569013259237,9.156219548066094
Isis Teixeira,201.584.679-49,mouraemilly@example.com,feminino,27,654.3093894703861,False,,5.821189730109009,7.113168009611572,5.661262008856286
Marcela Ramos,306.928.147-87,da-rosamaria-sophia@example.com,feminino,28,688.348499611488,True,8.0,7.5372030923113735,9.153968831817929,7.542030023151513
Bruna Freitas,186.247.093-69,das-nevesana-sophia@example.com,feminino,19,667.0589743178011,True,7.0,9.697472996938387,7.178127099308032,7.201217057953462
Sra. Melissa Moreira,053.192.468-89,lduarte@example.org,feminino,18,740.3800671650631,True,3.0,6.587700653265661,,
Alice Lopes,068.231.579-68,ymendes@example.net,feminino,23,754.5808387061376,False,,9.803055434276644,7.286110917516326,9.475394437892712
Camila Souza,469.358.027-92,pedro-henrique26@example.com,feminino,19,753.7540194545088,False,,5.7414948412030755,7.9349685590118355,5.989251657587329
Vitória Barros,027.945.813-41,melissacorreia@example.net,feminino,18,795.3274870797813,True,1.0,,,
Davi Lucca Rocha,423.789.056-29,danilo06@example.net,masculino,21,776.7554939472398,True,3.0,8.289329478747316,,
Enzo Rezende,052.749.381-32,alexandre84@example.org,masculino,23,658.9002358796968,True,3.0,6.555196105763525,,
Amanda Silva,025.719.834-23,nalmeida@example.net,feminino,27,774.6614478658015,False,,9.298730364892755,5.735348255523918,9.381615611391732
Esther da Paz,278.394.605-00,valentinanovaes@example.com,feminino,27,685.5025735607161,False,,5.971236822626193,7.719988723452378,5.0565443689985266
Dr. Nicolas Nunes,160.249.738-96,goncalvesyasmin@example.net,masculino,25,708.389069554118,False,,7.911212262911148,6.941370276733622,8.510231119727294
Kevin Sales,176.895.240-01,ana-lauralima@example.org,masculino,24,799.7216663805242,True,1.0,,,
Nicolas Barbosa,492.083.615-51,jesusgabriel@example.com,masculino,20,750.4690178731657,False,,8.61446543601393,9.754434555997452,6.587246500222607
Davi Luiz Cardoso,876.095.214-85,omelo@example.net,masculino,29,741.6129578569307,False,,9.656652561369038,7.90602849947307,9.901493785713399
Letícia Teixeira,541.038.976-00,limaemanuel@example.net,feminino,18,644.8384357946826,False,,9.405575794955976,8.316660093499184,6.385347285794438
Sophia Rodrigues,681.073.549-66,costaenrico@example.com,feminino,22,671.8132859609019,False,,7.098798157771473,7.792106631232965,6.989476645824441
Luigi Freitas,472.398.065-29,lfogaca@example.org,masculino,20,696.0034207484462,True,4.0,6.861450958870671,,
Daniela da Mota,805.639.417-66,joao-lucas94@example.net,feminino,23,798.817555316723,True,6.0,9.66851778140424,6.594222098928428,8.85641722869496
Maitê Lopes,213.657.980-03,rodriguescecilia@example.net,feminino,21,707.8969905450315,True,4.0,5.296242418358417,,
Ana Martins,035.978.164-01,vteixeira@example.com,feminino,28,653.7816517433248,False,,9.627919808962528,7.875777165770808,5.049817086769112
Alice Souza,048.591.276-76,duartemariana@example.com,feminino,27,688.3527339217474,True,6.0,5.327833327265536,8.159456957286146,5.141435995670961
Ana Julia da Cunha,604.198.253-98,pietrada-mata@example.net,feminino,23,700.7896100459849,True,7.0,9.262978301686704,5.555082278313747,7.597287434723278
Gustavo Henrique Correia,548.027.196-20,araujodaniel@example.net,masculino,19,682.2845817072994,True,2.0,,,
Leonardo Souza,041.739.562-07,thiagocastro@example.org,masculino,25,702.9769551725584,True,1.0,,,
Ana Beatriz Moreira,960.172.345-52,emanuelnovaes@example.com,feminino,20,642.5151336363936,False,,7.24026519314152,5.505271119380321,8.366538830967304
Beatriz Vieira,560.178.392-68,mda-conceicao@example.com,feminino,18,762.4403724167948,True,3.0,8.049259127765716,,
Pedro Miguel da Cruz,963.407.582-74,joao-pedro27@example.net,masculino,21,751.6782644062517,False,,6.849141109708103,5.566614857092892,9.214743306652526
Maitê Carvalho,634.790.521-34,mendesnoah@example.net,feminino,23,683.0977722612408,False,,7.896614514673115,9.839350205837473,8.403474563971326
Benício Melo,024.967.853-56,omendes@example.org,masculino,27,700.6210648019324,True,4.0,7.548893249919221,,
André Carvalho,319.647.850-57,lucca56@example.net,masculino,23,792.8697755519693,False,,6.489186329752865,6.9405962425033,8.980618920355722
Breno Nascimento,705.289.316-95,isadora31@example.org,masculino,19,719.643752534952,False,,9.3512269571617,5.180239615012314,9.824860192791881
Francisco Souza,546.018.729-01,isadoracorreia@example.org,masculino,20,714.9408350486541,True,8.0,9.37180623075609,5.394188801370042,9.955963974216793
Yasmin Silveira,593.148.620-89,da-mataemanuel@example.org,feminino,24,664.3370440170261,True,3.0,6.433900732728235,,
Luiz Henrique Nogueira,813.629.074-13,costamarcos-vinicius@example.org,masculino,21,646.1012346819751,True,5.0,7.9358558238789225,8.95385804788826,
Pedro Henrique da Paz,950.361.274-80,bsouza@example.net,masculino,21,725.6528425418267,True,2.0,,,
Dr. Vitor Gabriel Azevedo,405.729.163-61,pereiradavi-lucas@example.com,masculino,20,737.3421049787977,False,,7.706714620186766,8.416525007316338,9.391568768602308
Antônio da Cunha,542.370.698-00,rodriguesjoao-pedro@example.net,masculino,28,707.2410877988319,False,,7.596532178275971,7.344586919351726,5.624517139531594
Lívia Rezende,895.164.320-42,brenosilva@example.net,feminino,27,728.6642380095681,False,,7.462280075181878,5.274446247777107,6.348467796460707
Sra. Isabel Pires,061.243.987-96,gcorreia@example.net,feminino,27,692.4929853968628,False,,6.3471247217312605,9.28607547444486,8.692821769179375
Sr. Breno Fogaça,809.162.574-01,ana-liviacunha@example.net,masculino,23,778.4807138445242,False,,7.451483209364133,9.188570398144542,8.86310932178353
Danilo da Rosa,605.148.379-93,castroisis@example.net,masculino,18,760.2834954940868,True,3.0,6.773390988389705,,
Ana Sophia Porto,654.012.937-80,barbara35@example.com,feminino,22,666.0396482257661,False,,8.774521675423795,8.62887639414409,7.278392514394192
Sr. Lucas da Cruz,071.965.482-30,lucas-gabriel80@example.org,masculino,28,687.0542317761848,False,,6.750482141408871,9.640518356024849,8.320193944547443
Evelyn Martins,712.358.649-28,joao-felipe10@example.net,feminino,21,793.6946088721256,False,,6.492872221462118,5.744286453392786,5.593584996643259
Lucas das Neves,512.309.867-40,ribeirovalentina@example.net,masculino,24,710.6081847993822,False,,7.943562222957043,9.635970899873694,9.210583490321532
Sr. Marcos Vinicius Alves,397.128.456-64,nogueiraemanuelly@example.com,masculino,19,719.0986259271067,False,,7.6933031092246535,8.411030893380316,7.059272905368278
Joana da Cunha,074.169.582-02,emilly41@example.net,feminino,23,742.6196694524949,True,8.0,5.396704704082069,9.583235238027374,8.87836033535206
Dr. Vicente Duarte,051.234.796-43,dporto@example.org,masculino,18,754.7943928612681,True,3.0,6.461794080399089,,
Lívia da Rocha,163.798.024-87,thalesmartins@example.org,feminino,19,671.1380617255976,False,,6.580686836884899,7.843944291451436,9.653504708850045
Davi Sales,806.473.951-93,kramos@example.com,masculino,18,785.7678807093519,False,,5.786826217600871,9.000144946600813,7.350112237250641
Ian Farias,061.487.395-93,cavalcantivicente@example.org,masculino,21,646.8082538905509,False,,7.347885506204884,6.447012725436597,6.378054223592473
Pedro Henrique Cunha,901.587.246-58,diogofogaca@example.com,masculino,26,665.1730961070149,False,,6.5775190670938715,7.466674709094104,5.923106474943774
Dr. Leonardo da Luz,012.589.463-51,bmartins@example.com,masculino,21,759.8049454038002,True,3.0,6.9509224608462725,,
Gustavo Henrique da Costa,294.831.567-00,cardosoamanda@example.com,masculino,22,677.961243888444,True,6.0,8.249580683647343,5.814330562280345,5.597361126331498
Cecília das Neves,739.045.216-16,oliveiranicole@example.org,feminino,21,776.8047351935554,False,,5.944414130557208,6.375444449413736,7.441907176288749
Caroline Jesus,745.039.821-41,ida-rosa@example.com,feminino,20,744.1620518903172,True,4.0,5.610417408751838,,
Kevin Peixoto,125.368.947-46,alexia14@example.net,masculino,20,641.0010331237274,False,,7.050592791843535,6.340539114514598,5.766676450716537
Nina Lopes,568.243.071-90,larissa80@example.net,feminino,18,649.7993728688494,False,,9.238179466857794,5.610702915592305,9.216484355052671
Marcela Carvalho,638.742.105-53,heitorcastro@example.net,feminino,27,723.5114129197021,True,6.0,8.469289091217828,8.376178811947783,8.724348462477375
Pedro Lucas Santos,973.514.620-70,yasmin90@example.com,masculino,19,744.3199574767723,False,,6.918253098008081,5.397510163709436,5.229276476993952
Bárbara Dias,913.872.605-02,alexandre10@example.net,feminino,28,671.38274492968,True,8.0,6.283384996681001,5.6260162519542,6.83554108575492
Isabel Peixoto,951.063.847-10,moreiramaria-fernanda@example.org,feminino,27,743.3214264430462,False,,6.664192741475108,9.45878511643534,9.03272850386902
Isis Silveira,945.321.067-61,earaujo@example.org,feminino,22,767.5096953353127,True,7.0,8.317598114270808,7.163887910252791,8.164810496914026
Sra. Gabriela Ferreira,895.247.031-14,enzoaragao@example.com,feminino,27,660.7074414821673,False,,5.931785933863117,6.361835647077214,7.4691944091660325
Rafael da Costa,689.345.172-55,omonteiro@example.com,masculino,29,678.4681829676865,False,,5.908921370419001,5.237798542763584,6.295225588143925
Bruna da Paz,287.561.043-08,joao-gabriel32@example.net,feminino,23,728.9290845580342,True,9.0,8.7177297112652,9.260868084331037,9.845576382029982
Calebe Peixoto,801.497.632-04,pireskamilly@example.com,masculino,28,791.2523327089309,False,,5.9944556497181045,9.225252301730617,5.520404471836616
Sarah Farias,103.275.469-99,caroline24@example.org,feminino,23,652.4983100143686,False,,6.682898257516568,6.185213479847354,9.96452124291799
Maria Cecília Ramos,328.419.507-60,martinseloah@example.org,feminino,24,678.9040240011806,True,3.0,9.119950313430358,,
Srta. Juliana Gomes,561.302.749-80,hdias@example.com,feminino,19,691.514962381088,True,9.0,5.812061135831522,7.23036214821073,9.027771373725841
Ana Beatriz Lima,693.180.724-22,fogacasabrina@example.net,feminino,20,726.4044683976165,False,,7.222561824295715,7.082126491363615,6.417438330954409
Agatha Cavalcanti,819.537.462-09,krezende@example.com,feminino,26,758.3520694345966,True,8.0,5.5822141087272055,6.656411390549467,9.955609539112402
Dr. Luiz Henrique Rodrigues,076.348.925-56,cunhagabrielly@example.com,masculino,19,725.1481254832377,True,7.0,8.945292191771506,7.9606748666346165,6.854486336400353
Luna Sales,876.243.015-71,da-cunhamarcos-vinicius@example.org,feminino,25,738.1864360403307,False,,7.908427962448521,9.560564313778315,6.213682457409089
Sr. Lucca Freitas,239.467.081-96,enzo-gabriel21@example.org,masculino,28,641.2375558499444,True,9.0,8.342985934326752,7.180217945674235,6.3828280007341265
Dra. Ana Julia Lima,967.012.385-21,almeidaana-luiza@example.org,feminino,28,777.1588565924051,True,3.0,7.686534842897227,,
Amanda Campos,328.196.754-09,das-nevesmatheus@example.com,feminino,29,788.950836695488,False,,9.61945072052973,7.994351453074193,5.993268454513149
Srta. Ana Lívia Aragão,849.257.631-64,hda-rocha@example.com,feminino,22,661.4586956863238,False,,9.852528585325885,6.5190563980393,9.34497013726554
Otávio Cavalcanti,270.395.184-14,xsantos@example.com,masculino,25,770.5682592559219,False,,7.040392005328755,8.144783194537526,5.00836388925037
Raquel Freitas,738.026.451-62,joanamoura@example.net,feminino,19,757.6794735257093,False,,9.07104233682567,7.913390734368669,6.572582899485575
Kamilly Duarte,359.674.082-74,wcostela@example.com,feminino,26,642.1743023176748,True,6.0,6.838334609140082,9.49333291433566,7.486383348017689
Júlia das Neves,960.153.487-39,gcastro@example.org,feminino,18,794.0834597935058,True,7.0,7.229874866769385,7.66681657698234,5.661038215249443
Sofia Rodrigues,702.614.895-85,leticianunes@example.org,feminino,18,784.8818703289926,True,7.0,9.684760761444153,9.064643754616366,6.341084733673922
Sofia Melo,892.406.731-13,emanuelly34@example.org,feminino,28,730.1197926713446,True,1.0,,,
Pedro Lucas Caldeira,179.862.045-67,lararamos@example.org,masculino,29,758.1901179670806,False,,8.463831294158005,5.958069494836192,9.413487168734145
Alícia Campos,429.503.617-06,larissapeixoto@example.com,feminino,19,760.6753819963021,True,9.0,8.59860030885171,5.477075546037314,7.634018827819349
Emilly Pires,461.750.382-07,samueljesus@example.org,feminino,23,669.8266400202615,False,,7.437532289694921,8.639962137244007,8.180415700730265
Guilherme Costa,263.581.490-24,icarvalho@example.com,masculino,26,732.501546226012,False,,6.695138118018869,5.39945390111569,9.376926423627225
Sr. Daniel Peixoto,261.980.753-03,ana-sophiaferreira@example.com,masculino,20,661.3055618466266,False,,5.8853457570958865,9.01702166514685,6.442302725119886
Dra. Ana da Mata,328.054.619-24,maria-vitoriada-luz@example.net,feminino,20,671.3244729681688,True,3.0,7.23592021646733,,
Guilherme Duarte,620.348.597-74,oazevedo@example.com,masculino,27,694.2419108425182,True,6.0,6.480768475798095,5.368462063788039,5.137374693256827
Benício Gonçalves,436.702.985-92,silveiraotavio@example.net,masculino,19,680.2487289181406,False,,6.651352584999486,9.231184416488283,9.13543218784298
Eduarda Ramos,894.237.560-00,luiz-felipe66@example.org,feminino,27,711.3113357142081,False,,6.989266541998031,5.222911883086231,8.1617279615443
Lavínia Lopes,295.864.071-01,maria-alice63@example.com,feminino,21,765.6220532152324,False,,9.069571962573637,8.311713023392754,8.725087444382948
Isis Rezende,194.385.672-91,pintomaysa@example.net,feminino,21,652.005753316427,True,8.0,8.976121284234416,5.064181342590335,8.19882683320007
Marcela Almeida,384.970.512-97,vitor-gabriel74@example.org,feminino,26,700.0558542267349,False,,9.685440568510792,6.678894511579342,8.88465903885448
Guilherme Alves,279.341.860-96,joao-lucas92@example.org,masculino,24,757.2441415513293,True,3.0,9.44640494695171,,
Cauê das Neves,092.756.143-34,zmendes@example.com,masculino,22,671.3077307049986,True,3.0,9.582783321821113,,
Carlos Eduardo Costa,936.410.287-87,joao-pedrocorreia@example.com,masculino,28,703.3358914357774,False,,5.203048683207484,6.197368407512834,6.942998726167412
Isadora Carvalho,210.965.473-25,joaosales@example.com,feminino,23,664.2980472605823,False,,6.331163797912096,5.6495643875738235,5.228938866310181
Ana Laura Almeida,362.705.481-44,zcorreia@example.org,feminino,18,739.934684869094,False,,7.8699426884615775,9.135238541562757,7.3077437727479655
Theo da Luz,389.456.102-51,frocha@example.net,masculino,24,724.3070311855003,True,7.0,6.97459494860388,7.843562257375618,5.909855251345914
Juan Azevedo,390.682.157-95,eduardacampos@example.com,masculino,28,677.1892363937404,True,3.0,7.677199767333436,,
Lorena Correia,940.851.263-42,thales96@example.net,feminino,23,675.7470976076054,True,2.0,,,
Antônio Almeida,287.041.953-88,julia28@example.org,masculino,24,787.6096475057328,False,,6.328302748522567,9.601562185679871,9.980081129553628
Matheus Pires,230.957.816-95,arthur35@example.net,masculino,21,667.330513977824,False,,9.662118693742064,6.584982477466856,5.068168695378018
Maria Cecília Barros,916.804.537-93,joao-pedrocunha@example.com,feminino,25,706.1317925924106,False,,9.87138775507308,5.721743798755734,9.378562047393189
Luiza Sales,387.469.210-87,diogo04@example.org,feminino,19,725.2051805657628,True,4.0,9.37755678932682,,
Sophie da Mata,024.981.637-78,caldeiraluiz-otavio@example.org,feminino,23,797.3765180229506,True,3.0,7.819889984789634,,
Enzo Azevedo,097.215.643-70,stephany18@example.net,masculino,25,646.8331409541312,True,4.0,7.1942832262905165,,
Miguel Campos,013.568.729-21,glopes@example.org,masculino,20,776.9437767492301,True,8.0,5.886033480940056,5.579062240874594,5.699688643191802
Mirella Lima,013.725.684-17,monteiroluiz-miguel@example.net,feminino,27,718.8071498931644,False,,5.481035189060734,6.806664129843297,9.569666717265743
Sra. Lavínia Caldeira,672.841.503-35,barbaraporto@example.net,feminino,22,699.2008979941633,True,9.0,7.390239620161745,6.324123820315229,6.903235746426935
Dra. Luiza Souza,736.245.089-38,lorenzo11@example.com,feminino,26,793.7160557970957,False,,9.488039910863867,9.696579145643696,6.128960808762861
Ana Carolina Moreira,964.710.328-03,ana-laura69@example.com,feminino,18,690.1164959438038,True,8.0,5.004835221398423,6.7570566495875415,9.020767146111233
Dra. Eloah Nascimento,157.208.639-40,da-pazvitoria@example.net,feminino,28,693.3380957789144,False,,6.609761685858183,9.637211621006315,5.287367265378786
Helena Farias,571.642.098-20,barbaracunha@example.com,feminino,28,677.1069285275594,True,8.0,8.801519680715163,5.70630215483036,6.691836066329662
Dra. Ana Laura Monteiro,583.074.691-39,xda-cruz@example.net,feminino,19,692.5476154354095,True,1.0,,,
Yuri Teixeira,915.360.487-39,carolinearagao@example.net,masculino,21,663.056855743323,True,9.0,6.832026425308937,5.321975962063176,9.843895804083848
Vinicius Freitas,120.586.739-21,anafogaca@example.net,masculino,26,780.8388534073562,True,8.0,5.830528862585755,5.846528511336748,9.57369107920384
Sra. Lívia da Conceição,432.957.180-32,theomonteiro@example.com,feminino,26,667.7077336470207,True,1.0,,,
Luna Ribeiro,681.345.097-20,da-motadavi-lucas@example.net,feminino,29,772.9390589032124,False,,6.675594062144066,7.568220877165141,8.778761013283152
Pietro das Neves,289.704.315-60,vitoria84@example.com,masculino,21,755.805054361307,False,,5.175367329548263,9.143489071738593,6.891658882317225
Matheus Rezende,569.341.287-37,eduarda69@example.net,masculino,23,742.4390611853676,True,9.0,9.217415919608406,9.3287252624915,6.711425938588578
Guilherme Jesus,039.214.865-05,renanmoura@example.com,masculino,28,761.5396995780366,True,2.0,,,
Sr. Miguel Pinto,387.240.195-50,rsales@example.org,masculino,23,787.3051761217073,False,,9.168367373625548,7.863300146777223,7.182463222430248
João Silveira,729.305.416-52,biancafogaca@example.net,masculino,26,793.0366662716668,True,2.0,,,
Isadora Viana,214.963.075-34,jesusvitoria@example.org,feminino,18,689.0330712135332,False,,5.770213934039324,8.681182627103471,6.709303677301833
Lívia da Costa,731.260.948-13,rebecamendes@example.org,feminino,26,788.9805618326778,True,7.0,5.359837183948229,7.446418386574054,7.852537431066503
Stella Viana,482.673.051-90,juliaduarte@example.org,feminino,19,737.145290185433,False,,5.199152874962407,9.070067897496086,5.848359126730532
Larissa Moura,512.389.607-40,zmelo@example.net,feminino,27,748.2105143349036,True,4.0,7.033659620492329,,
Isis Alves,963.825.701-68,umoura@example.com,feminino,21,683.604357642223,False,,7.935226804550679,9.56508676952712,8.993290197421445
Dra. Alice Pereira,630.825.917-95,ipereira@example.org,feminino,23,771.5275895652474,True,5.0,6.437582156121533,8.254530363599619,
Srta. Luna da Costa,367.409.218-22,duartekamilly@example.net,feminino,28,717.0720924764706,False,,9.715051074028601,9.505782924989973,7.279949109936776
Sr. Danilo da Cruz,392.410.675-43,livia87@example.org,masculino,26,782.1055732315092,False,,7.520508272126782,7.390057199541551,6.507132925748789
Marcela Oliveira,607.483.951-48,souzaisabella@example.net,feminino,25,696.1074518879805,True,3.0,9.379977960870097,,
Giovanna Porto,324.908.571-50,sofiaazevedo@example.org,feminino,21,731.0382210591297,True,5.0,8.266093243805905,8.949186011029857,
Vitor Hugo Cavalcanti,031.768.924-03,ecarvalho@example.org,masculino,19,725.5275648922052,False,,9.117516690659404,6.71925261065554,8.566213729660642
Dr. Diego Gonçalves,067.354.182-71,luigimoreira@example.net,masculino,18,748.6555715268315,True,9.0,8.257737411665449,7.461853398776773,6.703019606521715
Dra. Ana Sophia da Mota,847.319.265-64,bcavalcanti@example.com,feminino,25,771.1175171454411,True,2.0,,,
Marcelo Moura,206.794.583-10,thomascaldeira@example.com,masculino,25,674.5694834020533,True,8.0,5.399722311054162,6.387690661755805,5.366162409157477
Ana Júlia da Cunha,925.714.863-73,rda-rosa@example.net,feminino,29,768.33624915869,True,5.0,9.484253412984348,5.40891320077472,
Catarina Correia,652.783.401-26,thomasdias@example.com,feminino,25,646.8459279909644,False,,7.91675488978159,7.539466829040183,7.152855113385232
Augusto Cardoso,853.496.210-33,isabellaaraujo@example.org,masculino,22,641.3198524267817,True,3.0,6.733098022187514,,
Isabella da Rocha,819.506.243-15,raquel52@example.org,feminino,18,692.9629035114924,False,,8.065891674914846,5.550989031524355,9.69999661664286
João Felipe Correia,372.106.598-03,larasantos@example.org,masculino,23,740.9185645568803,True,9.0,6.7469809264490195,9.98854254984527,8.065736370445936
Lavínia da Cunha,895.234.701-32,isisporto@example.com,feminino,27,719.457505263553,True,5.0,7.064212822788534,6.422779283689675,
Bianca Castro,914.085.732-88,gabriela89@example.net,feminino,24,664.691189064001,False,,7.86391727961545,6.658786981014213,8.425127238313186
Ana Beatriz Cavalcanti,315.769.804-48,maysaferreira@example.org,feminino,26,723.8691553068936,True,4.0,8.98857701521869,,
Lorena Nunes,951.847.360-93,da-matafrancisco@example.net,feminino,27,650.1870267634719,False,,6.849586489548958,8.005309206570319,8.895866686035728
Vitor Hugo Cardoso,810.432.675-90,cardosoagatha@example.com,masculino,27,669.3384212282084,True,5.0,6.12636364867533,6.611532138265921,
Stella das Neves,463.819.572-55,joaquimcardoso@example.net,feminino,23,694.4883254187683,True,9.0,6.170379206836953,5.567526678581133,8.232614689850193
Ryan Porto,273.091.485-41,da-motadavi@example.com,masculino,21,678.38151449808,False,,5.207937409905049,9.193646526432772,8.03736346552418
Thomas Rodrigues,019.287.534-50,sabrina79@example.com,masculino,29,710.5920764548227,True,4.0,8.543222318119952,,
Juan Novaes,782.390.541-88,qaragao@example.com,masculino,28,649.8675326952132,True,2.0,,,
Catarina Ribeiro,156.792.403-43,clarice96@example.org,feminino,18,698.5477609781441,False,,5.260195170597338,8.457108780160262,7.854313444137524
João Gabriel da Paz,614.892.073-50,erick97@example.com,masculino,25,690.2038571774099,True,1.0,,,
João Lucas Cardoso,743.629.581-00,lda-rocha@example.com,masculino,19,762.3832818566966,True,7.0,6.495084719787911,7.970146470754811,9.238217401556518
Lavínia Lima,876.951.043-10,marina30@example.net,feminino,25,776.478423858963,False,,7.056461261235543,9.061171509144888,6.324637119485555
Sr. Eduardo Monteiro,932.850.614-05,aliceteixeira@example.com,masculino,28,774.814678670691,False,,7.014585439999699,8.339053436661356,6.167586654193583
Sophie Cunha,062.753.819-30,joao-felipesilveira@example.org,feminino,23,732.2934004014925,True,3.0,5.094814628848856,,
Luigi Rezende,412.305.698-98,dalves@example.com,masculino,22,660.2069947974892,False,,9.04286932697843,7.979239043072451,7.224222522862021
Igor Costa,492.031.867-78,zrocha@example.com,masculino,20,681.766954457713,True,8.0,7.050529931454383,7.550939194772259,7.186236781205615
Eduardo Freitas,349.178.625-82,laraazevedo@example.com,masculino,22,722.5425950084802,False,,5.774436199711966,6.984143260722566,6.4771708487250415
Joaquim Melo,265.809.714-01,ribeirolavinia@example.org,masculino,27,646.5327925456512,False,,6.467225908898664,7.793536976316851,7.584969125484237
Caio Ribeiro,360.289.751-68,lucas-gabriel89@example.org,masculino,25,733.7627140892424,False,,8.972874079741468,9.856285263562576,8.034700594662718
Carlos Eduardo da Costa,426.015.789-20,isadora66@example.com,masculino,21,750.0571746856295,False,,9.099615262368548,8.794762499911997,6.270176827566502
Pedro Miguel Moreira,091.578.234-05,enzo-gabriel14@example.com,masculino,18,790.7612915253209,True,9.0,8.642191591858593,5.456438620747387,8.546033338437617
Raul Azevedo,049.153.786-75,gcavalcanti@example.org,masculino,29,749.3465857235649,True,1.0,,,
Kamilly Oliveira,624.153.079-80,da-mataluna@example.org,feminino,24,776.9541305097205,True,7.0,8.079905125770331,9.080374956557424,9.683260540631487
Vinicius Sales,867.943.251-28,francisco72@example.net,masculino,27,740.4264014163131,False,,5.0970624603837695,6.929317249072558,7.239030152022906
Vitor Rodrigues,365.078.124-71,mariafogaca@example.com,masculino,29,662.7536934408914,True,1.0,,,
Maria Luiza Nogueira,954.126.830-70,agatha57@example.net,feminino,19,763.2064324787505,False,,8.201231504152963,9.353177527579147,6.110336780681751
Natália Pires,803.125.947-04,yribeiro@example.org,feminino,20,714.216168069268,False,,6.477215395637067,8.386180676728063,9.091505886141615
Maria Costa,761.028.954-01,anthony41@example.com,feminino,21,656.9007406266405,False,,7.67623131230913,9.981438975406707,9.34560908774916
Davi Lucca Ramos,319.572.084-14,vda-rocha@example.net,masculino,29,760.8829392977246,True,1.0,,,
Lívia Castro,017.625.893-03,maria-eduardadias@example.net,feminino,25,779.7392427680088,True,4.0,8.70204194549715,,
Yasmin Moreira,157.496.238-82,qdas-neves@example.org,feminino,19,700.7419966945895,False,,6.545946468861694,8.155508134611477,6.568139860688416
Emanuelly Fogaça,463.879.015-10,castroagatha@example.net,feminino,20,783.7757036739542,True,7.0,8.11863027642462,8.03070664367397,6.703929285510995
Emanuella Dias,894.230.561-05,yasminlima@example.net,feminino,25,715.8087393600321,False,,5.3728608418819555,9.553313143330259,5.39904332346946
João Guilherme Lima,453.918.672-82,marina10@example.net,masculino,21,684.8123363427229,False,,6.550855369094668,8.228025389609222,8.829038918633568
Ana Clara da Luz,083.976.451-01,leandro34@example.org,feminino,29,774.776424211509,True,7.0,8.02546149237736,6.013355847422622,8.799547742352697
Rebeca da Mota,194.307.285-04,pedrolima@example.net,feminino,18,798.0902576925407,True,9.0,7.956491147295798,9.419281610875345,7.176653753863496
Amanda Martins,172.956.830-03,goncalvesluiz-fernando@example.net,feminino,21,732.0209760767406,False,,7.158879840479647,8.56211816641435,8.249025012074435
Augusto Ramos,264.319.850-60,sophia03@example.net,masculino,21,652.2757063667933,True,7.0,5.094177469745728,8.06763646451379,9.83041901771685
Sra. Giovanna da Luz,026.538.491-51,clarice91@example.org,feminino,18,779.8932253413948,True,1.0,,,
Olivia Lima,056.941.278-11,barbara10@example.net,feminino,28,651.6371827239971,False,,7.955195965640465,8.47800344417422,5.502965296305665
Erick Sales,143.670.859-10,fvieira@example.com,masculino,24,754.4441261327428,True,7.0,8.939280192042872,7.511811966957917,8.060761810164468
Ana Clara Ribeiro,786.053.912-86,igor57@example.org,feminino,25,780.3801083704591,False,,6.613124876728174,5.498643782156257,9.324572473270297
Benício das Neves,975.243.106-25,crocha@example.org,masculino,23,729.516644348642,False,,9.20551766896126,6.039750749334003,6.0774834130420885
Murilo Fernandes,548.736.120-71,marcelo27@example.net,masculino,26,708.2098082578713,False,,8.190388639386704,8.050284643732178,9.098340783335303
Kamilly Silva,619.078.325-21,osouza@example.com,feminino,23,724.1512862291303,True,1.0,,,
Pedro Henrique Barros,196.507.423-52,emanuellyramos@example.org,masculino,25,783.591282278449,True,1.0,,,
Clarice da Rocha,704.839.261-40,luizamoraes@example.com,feminino,18,665.1293545697104,False,,9.590329881142686,8.73692195794785,7.915303351102784
Levi da Conceição,293.476.015-43,ocosta@example.com,masculino,27,763.5346356575894,True,2.0,,,
Sr. Calebe da Mota,063.287.519-40,camilaribeiro@example.com,masculino,28,775.6521496160865,False,,6.205766023826127,5.8720890925734235,8.083241168724111
Benício Teixeira,706.829.413-87,tjesus@example.net,masculino,28,714.3890760441186,False,,6.45619703744652,9.055895767493368,9.370762402983722
Pietro Vieira,728.619.435-64,gomesmaite@example.org,masculino,20,679.0941338736662,False,,8.778646046479398,7.4824385742721145,7.596261686438033
Kamilly da Mata,367.189.405-93,gomesthales@example.com,feminino,24,734.199604228134,True,3.0,5.613313606325327,,
Lavínia Cunha,189.530.247-14,joao-pedro38@example.com,feminino,24,760.3764715945586,False,,5.271435481622046,5.385623935311684,7.430809704533333
Rafaela Moura,791.605.324-16,joao-pedro92@example.org,feminino,25,704.3066087557427,False,,5.168151335743359,7.418965882184105,5.012981566777261
Luana Aragão,691.308.725-02,acampos@example.net,feminino,24,779.8243945816891,True,1.0,,,
Diego Costa,302.915.486-60,laurajesus@example.com,masculino,25,773.2362940992257,True,7.0,5.7994484325685045,8.77464978934013,6.779099210030889
Diogo Souza,704.519.826-49,augusto96@example.org,masculino,29,748.728222807563,True,9.0,7.841736787488371,5.3429195702902,7.437933311653158
Sabrina Barbosa,360.745.289-00,pintoleticia@example.net,feminino,19,671.1728548499202,False,,8.580303182444553,9.473668808588725,6.713376477945021
Luana Silveira,823.941.756-64,kduarte@example.org,feminino,25,784.2349036916279,True,2.0,,,
Gabriel Gonçalves,078.439.512-88,omoura@example.org,masculino,25,753.4551032353635,False,,9.888779530664738,7.301706863362504,8.580246486565295
Murilo Moreira,984.631.207-50,daniela16@example.com,masculino,27,680.2438072293348,True,4.0,6.3864822532183805,,
Felipe Ramos,905.318.746-48,heitor60@example.org,masculino,24,751.449264418017,True,9.0,7.271350106660382,6.873581013841074,6.613844464797373
Eduarda Araújo,932.568.107-21,pedro-henrique95@example.org,feminino,22,778.7779851301727,False,,8.43812685721655,8.520729328264,9.957544336041023
Levi Peixoto,825.069.143-15,rezendecatarina@example.com,masculino,27,704.1851591216886,True,9.0,7.7825393041283455,5.217588973027446,7.4247473869260725
Srta. Laís Farias,684.102.793-04,da-cunharodrigo@example.org,feminino,19,706.2580165372959,False,,8.749392267935557,7.0802554619561295,8.389797882161908
Caio Teixeira,963.840.215-60,lavinia57@example.net,masculino,25,779.1537006630489,True,7.0,9.988517404588546,8.402215477796267,8.951908518985872
Mariane Viana,132.890.576-40,vieiraamanda@example.net,feminino,25,666.1195436925335,True,3.0,9.745728225796249,,
Srta. Melissa Pinto,082.634.791-69,leonardorocha@example.com,feminino,23,706.0069157785288,True,8.0,7.256306020529527,7.943012706369328,9.586634039159826
Marcelo Carvalho,824.351.960-24,isaaccardoso@example.com,masculino,19,656.3143247997056,False,,8.319243802094784,9.128746635798906,5.629723774620788
Igor Campos,068.273.945-65,gomesmaria-julia@example.org,masculino,23,668.1412464592014,True,3.0,6.871992430918571,,
Lucas Porto,469.378.152-55,ribeirovitor-gabriel@example.com,masculino,22,668.3643895698715,False,,9.667401298914044,8.68222821736233,5.6402186592118735
Joana Moraes,804.319.257-04,gda-cunha@example.net,feminino,24,651.6337752548015,True,3.0,8.814273976336676,,
Sr. Vitor Hugo da Costa,256.348.901-60,rsantos@example.net,masculino,23,708.6240982023168,False,,7.2216304306143275,8.579614266696202,7.593822742696503
Ana Lívia Aragão,627.359.048-65,correiarodrigo@example.org,feminino,24,753.2498380374911,True,5.0,7.501378943677742,9.534429185961972,
Carlos Eduardo Cunha,836.207.149-40,vfernandes@example.org,masculino,25,723.1739202606783,True,8.0,6.516343473396575,8.414963606756086,5.647020311357761
Dra. Sarah Castro,487.569.201-30,aliceoliveira@example.com,feminino,25,725.9133615116208,True,9.0,8.12610863205649,9.327542980735487,9.808732814039221
Felipe da Costa,938.601.745-84,moraesana-carolina@example.com,masculino,27,720.0039284567758,True,9.0,6.224021186359562,5.736464074140704,6.728832023137787
Luiz Fernando Teixeira,453.019.672-07,sofia38@example.com,masculino,23,666.6976923223754,False,,8.119341844263495,7.224336409037534,6.295031569525595
Vitor Hugo da Conceição,382.049.517-79,piresevelyn@example.com,masculino,29,677.5976636503879,True,9.0,6.804308556629241,7.1508238821579955,5.696150240360924
Leandro Dias,486.257.093-38,iviana@example.org,masculino,27,642.4981285166893,True,3.0,9.690316513165996,,
Stephany Moraes,217.068.953-21,da-costadavi-luiz@example.net,feminino,26,774.5626571361289,True,9.0,9.036380011363809,9.545778349036315,6.235554938203871
Dr. Murilo Vieira,381.270.956-21,oliveiralucca@example.com,masculino,18,763.1408254555513,False,,9.613983362791299,9.20501055690444,9.622745320695977
Marcos Vinicius Azevedo,361.085.927-02,hdias@example.org,masculino,27,767.8666442153053,False,,7.766209643409319,6.999452832273855,9.140361862292828
Vinicius Martins,072.861.935-03,hcunha@example.org,masculino,29,763.0423037214988,False,,5.081236451488669,7.543536887857002,5.269852869064515
Raul Silveira,943.208.756-56,maria-clara27@example.org,masculino,25,788.7604991163511,False,,7.25340027474223,9.219946599468948,9.336007085092016
Luiz Felipe Peixoto,371.250.896-40,uda-rosa@example.org,masculino,25,690.8001848236767,False,,9.135578033060742,9.883701034149764,6.965663504447658
Thiago da Luz,487.923.610-13,augusto60@example.net,masculino,24,710.7632494531314,False,,6.923949147208569,8.592820115617172,8.83010278570969
Joaquim Mendes,132.490.678-22,wcardoso@example.com,masculino,24,698.1152985272802,True,5.0,8.634773877078084,5.466629519080203,
Amanda Novaes,501.463.298-05,heitor67@example.net,feminino,22,757.9010633179328,False,,8.910200442557851,8.145714455627305,6.737279079630563
Luiza Freitas,067.385.419-10,nicolas84@example.com,feminino,25,771.9024925121403,False,,7.185443409970691,8.533790503420638,8.838274170030614
Natália Pires,095.324.618-33,joao-vitor56@example.org,feminino,22,689.9504502494136,True,4.0,9.022729943698426,,
Theo Monteiro,502.678.914-58,lda-paz@example.org,masculino,22,749.3381229593556,True,3.0,6.747483043162127,,
Sarah Costela,918.672.035-02,marceloda-paz@example.net,feminino,27,688.7228298596941,False,,5.558336753352641,7.224448552378169,6.361944030404521
Clara Silveira,132.684.509-89,sophie44@example.net,feminino,28,799.8762910440178,False,,8.50679102764821,6.357285178707315,8.461038015298135
Enzo da Mata,845.629.137-46,ymendes@example.org,masculino,19,717.1171874007656,True,7.0,9.328648838918372,5.669825841017724,7.64194418875191
Sofia Barros,736.248.910-22,amandacardoso@example.net,feminino,23,749.9698676866471,False,,8.220354338602142,8.046891741980703,9.84054231271777
Agatha Pereira,780.324.916-78,pazevedo@example.net,feminino,19,673.1239494292433,True,8.0,5.964036527979271,5.514528093749129,5.514227591222776
Emanuelly Freitas,608.972.531-59,piresisabel@example.com,feminino,21,642.3951503521464,True,2.0,,,
Arthur da Cunha,970.386.142-31,lorenacarvalho@example.com,masculino,23,780.770510956269,True,6.0,9.742379087674102,8.856257586678963,7.667401423195814
Murilo Silva,523.190.874-60,joao-felipepereira@example.com,masculino,18,670.5152445627891,True,5.0,8.949600682544265,6.503352518353226,
Caio Peixoto,781.602.345-62,cecilia90@example.com,masculino,25,762.6236842237274,False,,6.786173814374473,5.867120143462633,5.658119345228517
Ana Sophia Costa,509.271.684-30,noahlima@example.net,feminino,25,759.3940201371968,True,6.0,8.057656667455936,9.946280362662918,5.69367069061584
Pedro Cardoso,473.295.081-79,souzacarolina@example.net,masculino,22,662.0565011031807,True,3.0,7.674859059662327,,
Joaquim Fogaça,631.420.957-99,almeidamilena@example.org,masculino,19,745.6489280562729,False,,9.847907563683155,8.892539216788062,7.401830603300721
Sofia da Costa,698.035.214-89,da-luzbreno@example.net,feminino,27,703.1627654408362,True,6.0,7.442703111767247,8.363040629007388,5.612845431740795
Srta. Giovanna da Cruz,309.652.178-68,vitor-gabriel59@example.org,feminino,24,769.7019053061008,False,,7.697660471680406,5.448911302414174,9.955997801443564
Sr. Carlos Eduardo Pereira,534.162.709-16,brenofreitas@example.com,masculino,19,653.1059653271227,False,,9.72340585904948,9.272387566162628,6.315191051155166
Matheus Jesus,406.321.958-51,rodrigo32@example.org,masculino,25,718.8970166521921,False,,5.0925528908249955,8.17476988358759,9.25943050488001
Sr. Samuel Santos,563.904.728-38,araujoleonardo@example.com,masculino,25,714.4332973753917,False,,9.950286431570074,6.061983469255669,9.16783941634402
Dr. Pedro Rezende,621.539.840-33,luanada-luz@example.net,masculino,22,752.1224506538148,False,,6.109281778553451,5.241068337604653,8.581656596701421
Raul Viana,940.657.312-16,umelo@example.org,masculino,28,753.9187574813014,False,,9.430933550376936,5.059103031524607,9.960326986204343
Renan Correia,892.637.145-09,pintoemilly@example.net,masculino,26,714.7255996849516,False,,9.333361908028557,5.016577321553942,9.960009545346795
Bruno Correia,072.865.134-35,joao-lucas33@example.com,masculino,21,664.6050181568415,False,,8.393411080999487,7.155671773539925,7.312439984292557
Cauê Gomes,341.875.609-39,manuelacorreia@example.org,masculino,29,724.5153620383734,True,1.0,,,
Dr. Guilherme das Neves,395.876.041-48,ana-julia58@example.net,masculino,22,737.6484747210765,True,2.0,,,
João Lucas Campos,375.984.261-55,eduardofogaca@example.com,masculino,28,648.6704027625476,True,1.0,,,
Thomas Cavalcanti,465.310.279-16,da-rochasamuel@example.org,masculino,22,792.7904929734814,False,,5.277212077851212,5.972432477454658,6.731978370267825
Davi Luiz Santos,143.752.968-28,laisfernandes@example.net,masculino,18,661.9715606792881,True,7.0,7.098648859179269,8.485315521396384,5.341661925811312
Evelyn Gomes,259.638.071-40,trodrigues@example.org,feminino,26,797.9613176904861,False,,7.42000635591892,6.210537366758956,5.2200076106859585
Agatha Caldeira,579.201.346-25,marcelanascimento@example.net,feminino,26,745.9369761055884,True,2.0,,,
Joana Campos,652.890.374-38,esilveira@example.org,feminino,24,784.8780625608047,False,,8.802172520898093,5.5710136364999565,8.471818990275711
Felipe Ribeiro,185.643.209-24,orezende@example.org,masculino,26,729.6228466913801,False,,7.735710471825334,7.153012180757274,7.668176090097527
Ana Vitória Porto,913.607.542-61,yferreira@example.org,feminino,29,689.14012683589,True,2.0,,,
Thiago da Costa,916.702.584-67,joaquim83@example.net,masculino,25,697.8015368980798,False,,8.439241123127733,5.093277074517229,8.945270565146114
Maria Julia Costa,726.019.435-99,caio29@example.com,feminino,26,768.1931968265932,False,,8.87422050976988,8.687009959160015,6.721934519127552
Sra. Pietra Gomes,156.708.934-84,gabriellymonteiro@example.net,feminino,21,693.3192536029305,False,,8.943090364814802,8.966074076870505,6.409527155678836
Caroline Correia,976.452.803-10,maria-julianascimento@example.net,feminino,23,782.75096117101,True,9.0,5.873791093379438,7.698485710380188,9.805557543933267
Bárbara da Rocha,571.304.629-06,dcampos@example.net,feminino,21,773.4997362951702,True,1.0,,,
Gustavo Henrique Sales,176.825.043-07,limaheloisa@example.org,masculino,20,677.869813197733,True,8.0,8.150716807360794,7.833429915242404,9.438522741205695
Dr. Davi Nascimento,617.498.523-73,joao-guilhermemonteiro@example.org,masculino,22,676.8521863910654,False,,5.499186798324177,6.815749887699237,7.245347864641589
Cecília Freitas,123.764.859-91,kaique05@example.net,feminino,21,671.2137566918246,True,1.0,,,
Dr. Pedro Dias,164.703.589-93,ianda-paz@example.org,masculino,29,683.7058540572325,True,9.0,9.965975616405313,8.439013756596193,5.700478885286426
Nathan Silva,358.297.406-56,sophie73@example.org,masculino,26,687.464882089519,False,,7.435291810782923,5.3341608420464,5.415757014620732
Joana Caldeira,726.845.091-58,bcardoso@example.org,feminino,28,726.2090364108662,True,6.0,9.194438175536924,9.391809545003767,9.737000879079062
Dra. Luiza Dias,261.495.087-49,limaana-julia@example.com,feminino,21,720.0392464257025,True,7.0,6.609691110975947,8.658937040004673,7.285590356747073
Joaquim Porto,468.703.195-10,araujobrenda@example.org,masculino,25,640.8940131030778,True,9.0,5.421020275335206,9.800936347170477,8.01382225897816
Otávio Alves,209.634.758-00,isouza@example.org,masculino,23,692.1948199600391,True,9.0,8.525966046535816,9.824223216263471,8.253822475410153
Thiago Oliveira,916.203.758-77,jbarros@example.org,masculino,27,707.3578012133468,True,7.0,6.689446599414027,8.103564946096828,8.203691385546897
Júlia Teixeira,173.409.865-10,ana-juliada-rocha@example.org,feminino,21,761.4497767386665,False,,6.8868962471217685,8.60118374388224,7.055467277484751
Luiz Felipe da Cunha,416.039.758-10,ocosta@example.net,masculino,27,735.3524259385804,True,6.0,5.861354041007878,5.255556042985126,8.461807880962485
Gustavo Duarte,583.069.714-93,csouza@example.com,masculino,22,759.8571292105803,False,,7.762553473522491,8.071716216677087,9.767425171722397
Augusto Gomes,615.479.238-73,isabellapereira@example.net,masculino,29,688.722757490396,True,1.0,,,
Lavínia Moura,907.623.458-29,cmendes@example.com,feminino,28,789.0052505008125,True,3.0,7.792913734406236,,
Yuri Melo,023.758.469-74,vianaana-clara@example.org,masculino,26,691.5650818583857,True,5.0,5.494637753721156,7.237275219812942,
Luigi Correia,793.152.846-82,limacaue@example.net,masculino,23,763.4613402549144,False,,7.019617744722892,6.449420379541078,5.239789970158461
Natália Almeida,405.293.681-70,meloheloisa@example.com,feminino,28,693.8484219111848,True,5.0,6.5499867804549545,5.710130912421465,
Ana Beatriz Silva,312.805.764-80,da-rochaluiz-miguel@example.org,feminino,29,684.2695680420758,True,7.0,9.507202890935364,9.293804563221542,5.276276973897287
Pietro Pires,578.043.692-47,da-cruzsophia@example.net,masculino,23,681.2464663332626,True,6.0,7.112788034722298,7.5356330873491135,9.39501012794631
Joana Correia,465.913.870-48,pedro-henriquemendes@example.com,feminino,28,729.9320672859369,True,2.0,,,
Luiza Cardoso,237.140.859-04,isaac06@example.net,feminino,28,729.2474065257695,False,,5.782745052645831,5.112472780718164,5.984605452299076
Matheus Moreira,045.269.813-89,diegocaldeira@example.org,masculino,28,716.1807517104107,False,,9.481031490664332,5.872657477417528,6.658091935813038
Marcos Vinicius Costela,713.642.589-19,bryan40@example.org,masculino,25,793.0255418864048,False,,5.146411783014944,5.149469986215495,6.512345156258454
Davi Lucas Teixeira,390.581.426-98,ribeiroarthur@example.com,masculino,24,643.6613353054604,True,8.0,7.68866446863395,7.748085378060825,8.289590698090183
Sra. Bruna Nogueira,187.539.604-75,vianaerick@example.org,feminino,25,660.5807551023418,True,4.0,8.01923516816874,,
Sr. Augusto Martins,406.819.357-66,nribeiro@example.org,masculino,25,680.3244960128375,True,8.0,7.28435463771854,7.116414762787215,9.324538071983424
Pietra Santos,187.925.064-02,silvakaique@example.org,feminino,23,792.3696097515993,False,,8.191465525291653,9.578907459057348,8.620807575246534
Maitê Lopes,056.397.142-80,danielateixeira@example.net,feminino,18,755.3935024825336,True,1.0,,,
Kamilly Pinto,087.943.256-00,duartebryan@example.org,feminino,28,651.7562382233151,True,9.0,8.696500323399203,9.18029596448503,9.003610675439965
Davi Lucas da Conceição,504.316.892-70,knascimento@example.org,masculino,27,734.6997035289719,False,,8.074476755630029,7.9231235424625615,7.708607655695171
Dr. João Lucas Campos,705.412.639-43,joao-gabriellima@example.net,masculino,21,664.347711186394,False,,5.889036494672883,6.639936660849266,8.98875068754904
Luiza Barbosa,925.174.630-34,carvalhobenjamin@example.net,feminino,19,787.1681230723907,False,,9.360997869073863,7.50109235521998,7.544849381687133
Srta. Ana Lívia Nunes,319.862.704-40,pereirajoao@example.org,feminino,29,669.3438071900347,True,5.0,6.782883562225937,6.286031917456219,
Dra. Gabrielly Fernandes,745.123.960-80,maysalopes@example.org,feminino,23,648.6453956083761,False,,5.2658113641650885,9.759525157150527,6.10240203095452
Joana Pereira,952.170.836-03,fcavalcanti@example.org,feminino,27,647.9089188728976,False,,7.556410701238507,7.569403045913994,6.632726108203302
Joana Freitas,589.137.042-50,salesalicia@example.net,feminino,22,778.1865857639962,True,8.0,8.789601788448838,7.716595981473358,6.027639297338807
Larissa Correia,652.134.807-80,lorenzofarias@example.net,feminino,28,759.3403777471104,False,,5.523983859582739,9.700547311785963,8.71428498233835
Pedro Moraes,940.732.158-41,costelanicole@example.net,masculino,18,785.1002346562541,False,,6.377722691903598,8.143443054845765,7.152040080133183
André Viana,394.508.621-33,thiago13@example.com,masculino,26,646.6193537909612,True,7.0,5.172382354574229,6.447253924184418,8.406626701098864
Sr. Lucas Castro,802.354.967-74,franciscoaraujo@example.net,masculino,26,660.3627144871688,False,,9.563861717743606,6.763185290751835,7.150421838829402
Manuela Moreira,017.345.269-80,da-cruznicolas@example.net,feminino,22,675.0814040988931,False,,6.89319389542648,9.963190950668984,6.275132950131915
Ana Laura Dias,920.648.513-05,nmoraes@example.org,feminino,22,788.4451331796201,False,,5.988742954878217,9.114534835457219,7.596528774103285
João Lucas Dias,219.803.476-03,luiz-henrique86@example.org,masculino,19,710.2598903142924,True,5.0,5.708619841108415,9.416809057401053,
Vitor Hugo Moura,983.541.270-79,orocha@example.net,masculino,21,757.2577579275918,True,7.0,7.062304436470905,7.7632952293408835,5.853781913520189
Dra. Maria Sophia Rezende,348.920.561-89,yvieira@example.com,feminino,23,794.5083973341823,False,,6.244687892266966,9.136845536519147,8.468025108545891
Sarah Novaes,087.945.126-20,anthony30@example.com,feminino,23,752.2806598427997,True,8.0,8.14990530749191,6.210344695044887,8.143651386964496
Cauã Barbosa,765.489.230-65,jpeixoto@example.com,masculino,28,655.2513027229556,True,5.0,8.964225026254498,9.23544782358567,
Dra. Rebeca da Paz,435.829.706-47,hdias@example.com,feminino,24,654.4431493709575,True,6.0,5.460901469114774,8.060027177478151,8.339986333810266
Luiz Otávio Cavalcanti,857.643.201-35,pedrocavalcanti@example.org,masculino,29,789.122821645833,True,2.0,,,
Esther da Conceição,806.327.954-92,ateixeira@example.org,feminino,26,673.8141638068091,False,,8.98697776191214,6.177854692655785,8.586569431074764
Antônio da Rosa,286.751.439-82,nascimentohenrique@example.org,masculino,26,761.3160268093633,False,,7.7905135267911785,7.052559690189498,6.298769851103864
Dra. Lívia da Rocha,820.376.415-08,joao-felipecarvalho@example.org,feminino,26,707.5794610350782,True,1.0,,,
Gustavo Novaes,103.698.425-70,ypereira@example.com,masculino,27,642.3289523561876,True,3.0,6.7608368292524474,,
Júlia Nunes,829.105.473-88,silvabryan@example.net,feminino,22,786.9760186921771,True,5.0,8.81325421005123,6.684858168214593,
Camila Freitas,713.689.452-28,ana-liviapires@example.com,feminino,21,720.9885631904945,True,2.0,,,
João Felipe Costela,915.436.870-75,tfreitas@example.org,masculino,28,799.8765638719508,True,6.0,9.548962832875032,7.840896739377575,7.918850499747176
Srta. Giovanna Ramos,501.628.734-17,ymendes@example.com,feminino,28,663.8252049869261,False,,5.384182546474748,9.035505728797652,5.184964096825032
Laís da Cruz,180.734.529-79,sofia36@example.org,feminino,29,739.5726605775336,True,9.0,8.663995219108731,5.331042090419248,8.28487162946445
Gabriel Sales,514.783.296-37,luiz-henrique30@example.net,masculino,24,745.3888445154838,True,4.0,8.426143107197195,,
Dr. Guilherme das Neves,196.734.520-16,kaique46@example.org,masculino,29,689.2898613486273,True,5.0,6.459459063231323,6.198338850092587,
Milena Viana,683.541.207-08,goncalvesana-luiza@example.net,feminino,24,655.1086174184942,False,,6.046452638799943,9.430605596882748,7.703962843831151
Valentina Almeida,540.376.829-74,psilveira@example.org,feminino,26,770.8501800006183,True,6.0,5.599827399478972,9.930883790141102,7.847823079970411
Gabriel Ribeiro,308.596.421-51,fernando29@example.org,masculino,25,771.5188713425068,True,9.0,6.124869222875596,8.853075643381192,8.13678427066306
Heloísa Ramos,972.016.435-25,eda-mata@example.org,feminino,23,719.2780126643299,False,,9.935878241509993,6.372364491058358,5.3847555306305015
Henrique Alves,973.251.684-46,ida-luz@example.org,masculino,26,732.6985570984805,True,5.0,7.15422413728644,7.109175134500951,
Bernardo Nunes,420.163.587-26,eloahda-cruz@example.com,masculino,22,669.3113778855103,False,,5.564325855082378,8.074002468670827,7.8228417944832955
Theo Fogaça,758.162.439-00,igor07@example.net,masculino,29,658.1541380681944,True,1.0,,,
Gustavo Henrique Cunha,790.264.315-70,carlos-eduardo02@example.org,masculino,23,719.3276557851908,False,,6.503553589892306,8.814423000905045,6.736319717681761
Maria Julia da Conceição,309.856.271-40,ogoncalves@example.com,feminino,24,779.1770865333905,True,3.0,6.344846378312279,,
Kevin da Costa,103.572.964-43,nda-mota@example.net,masculino,26,776.5014677871308,True,2.0,,,
Dr. Danilo Porto,936.502.418-89,stephany46@example.org,masculino,23,679.186984815799,False,,7.988354315617066,6.756119973191268,6.768587937034141
Benício Caldeira,937.526.481-55,icostela@example.com,masculino,29,708.4220760624187,True,2.0,,,
Dr. Luiz Henrique da Paz,814.570.369-75,maria-claraferreira@example.com,masculino,20,678.5025085463843,False,,8.899303435136485,8.77964362967577,9.497197002511868
Arthur Ribeiro,476.395.218-82,cbarros@example.org,masculino,22,750.2069653110137,False,,7.050779052689606,6.880298876626705,8.048993541643277
Catarina Barros,520.781.493-14,stephanyda-mata@example.net,feminino,27,712.1147894697768,True,6.0,8.209878531588057,5.530994980785,9.96640969450433
Erick Pereira,685.209.417-02,da-conceicaonathan@example.org,masculino,20,738.7987202989873,True,8.0,9.53363752287588,8.829119342391799,8.034697543477897
Dr. Leonardo Rezende,196.072.834-22,costaluiz-miguel@example.org,masculino,28,765.4937269585661,False,,5.128763066889776,6.9091790982858265,5.454159349526168
Lavínia Novaes,789.456.231-91,camposeduarda@example.com,feminino,25,702.4646400528391,False,,5.224963910289265,8.265455899758763,6.097651222997705
Luigi da Paz,127.530.486-90,laura97@example.com,masculino,19,679.2270661255432,False,,5.3771846100001355,5.097311521635249,7.756549559412454
Letícia Souza,295.861.304-60,jcarvalho@example.net,feminino,26,775.4530348683002,False,,9.199833347142057,8.155307106816132,8.172127478075913
Benício Lopes,831.962.754-00,danielada-rocha@example.org,masculino,28,659.8719786127022,True,3.0,6.1914003118160466,,
Maitê Oliveira,821.693.054-24,qda-rocha@example.net,feminino,19,662.0406860452953,True,4.0,5.178240264413515,,
Pedro Lucas Moraes,586.349.207-47,isabellynovaes@example.net,masculino,21,680.3458501028757,True,3.0,9.439208451331911,,
Sra. Luana Pereira,931.420.768-40,da-rochanicole@example.net,feminino,24,782.124443642753,False,,9.635016008360136,9.72047298646007,8.943347917162132
André Caldeira,041.925.386-60,yda-rocha@example.org,masculino,29,687.1553108900517,True,5.0,6.511263001456898,9.220513659498902,
Thales da Costa,457.621.839-55,lmonteiro@example.org,masculino,26,697.9642449790782,False,,7.37522142808246,6.782247225898912,6.056145852926109
Dr. Eduardo Ramos,495.028.731-14,aragaogiovanna@example.com,masculino,24,720.2730378497974,False,,5.627139832511365,9.145574849428261,6.4054121540368705
Danilo Nunes,594.216.807-58,murilocosta@example.org,masculino,26,679.7321598117916,True,3.0,6.6844367376063545,,
Srta. Ana Luiza Correia,026.731.894-40,isaac84@example.org,feminino,24,745.5873662669613,False,,9.272401542623008,8.145690847456793,7.232834886970047
Pietro Aragão,423.789.165-82,marcelo70@example.net,masculino,28,749.4064249470441,True,1.0,,,
João Guilherme da Cunha,839.520.764-65,beatriz44@example.com,masculino,27,792.3975957387227,True,8.0,8.099297103440323,8.803237279779028,9.73858844795235
Dr. Gustavo Duarte,976.213.584-91,yda-cunha@example.com,masculino,20,783.1876980781112,False,,6.375395566861819,5.021634187134903,6.480620040161581
Luigi Carvalho,723.801.954-04,benjaminpires@example.com,masculino,27,673.9475486370154,True,8.0,9.641384650082216,6.924299075459843,7.0944228766233355
Maria Fernanda Souza,638.527.140-44,lopesmarina@example.net,feminino,24,794.5301179231845,True,3.0,6.00461423279657,,
Alana Moura,968.054.213-06,ldas-neves@example.com,feminino,28,762.0907868751201,False,,9.130903110511213,9.086889558434887,8.540689486889944
Sra. Alana Rezende,508.962.473-92,ucorreia@example.net,feminino,24,713.0515716272657,True,2.0,,,
Raquel Aragão,841.097.325-14,maria-fernanda73@example.com,feminino,20,705.0608716698094,False,,9.230166182133292,6.189596725481918,5.820051751486947
Luiz Otávio da Conceição,418.379.260-69,mda-cruz@example.com,masculino,27,792.915810166498,True,3.0,9.37960963809789,,
Agatha Fernandes,907.624.853-29,claramendes@example.net,feminino,26,779.3663904738063,True,5.0,9.316231335648647,8.875969234336626,
Emilly Rocha,048.569.137-00,ana-juliacastro@example.com,feminino,19,752.8257924562212,True,6.0,5.081666952487667,5.626547113361588,7.128555470141258
Yasmin Castro,091.628.435-24,ramoskaique@example.org,feminino,29,763.3864831383498,True,7.0,9.870320345609759,7.766688926120993,6.753838701042731
Isabella Almeida,130.562.749-07,luiz-gustavo14@example.net,feminino,20,779.5483894454458,False,,6.180992113840892,8.531907265857136,5.23605627938719
João Miguel Almeida,064.128.937-50,guilherme59@example.org,masculino,23,691.2918572539143,True,3.0,7.263291072278427,,
Miguel Melo,635.917.208-95,maria-cecilia95@example.com,masculino,24,692.904605928211,True,6.0,9.658945534031334,9.250380588179569,9.079652456051114
Sra. Helena Rocha,915.278.630-77,zbarros@example.net,feminino,24,721.2098368472591,False,,7.718228231585396,6.209798554830654,7.886405520402175
Davi Luiz da Paz,406.893.512-24,lavinia42@example.org,masculino,20,643.1871352453715,True,3.0,8.127321652347872,,
Bárbara Nogueira,247.906.138-87,luiz-miguelaraujo@example.net,feminino,29,796.4581152145619,False,,5.770260280742481,9.509302721494738,7.7726144200021565
Evelyn da Rosa,408.693.215-60,afarias@example.com,feminino,25,653.2381789121729,False,,5.941421684962652,8.942023540161829,6.829732680553042
Natália da Luz,083.541.972-04,isabellada-cunha@example.org,feminino,27,654.267375695332,False,,8.911506368042776,5.214719194320303,8.438705129788856
Ana Lívia Jesus,976.134.208-50,pintovalentina@example.org,feminino,18,657.8083832826092,True,1.0,,,
Sr. Yuri Vieira,735.169.420-61,vitoriada-mota@example.com,masculino,28,762.0966365784428,True,5.0,9.26846829831905,8.464121122854698,
Esther Monteiro,490.783.261-31,zda-cunha@example.org,feminino,24,713.4741953361229,True,2.0,,,
Dra. Eloah Costela,127.690.853-95,enzo13@example.com,feminino,22,770.0337513797373,False,,5.998869027619352,5.73233255999343,5.993770950986114
Gustavo Rocha,014.695.372-06,mcosta@example.net,masculino,29,672.1239440422179,False,,6.27110295386365,7.214983743012647,8.514074451222939
Nicolas Nogueira,361.059.847-66,yago79@example.com,masculino,23,656.4058984864329,True,4.0,8.112157197385848,,
Agatha Cardoso,317.245.089-97,fernanda38@example.org,feminino,18,665.6737965962635,True,6.0,7.752438200735401,6.4211610145723625,9.254075528869105
Ana Laura Santos,245.809.617-49,da-rosamaria-alice@example.net,feminino,29,714.631803724449,True,5.0,9.870852773668414,6.6309067100099135,
Brenda Campos,123.586.704-80,jviana@example.org,feminino,19,723.0326965834832,True,5.0,5.440339632090165,6.046593135412007,
João Gabriel Cunha,612.950.374-16,maria-vitoria20@example.net,masculino,23,758.8689229503841,False,,9.67798636613617,8.384377408091087,7.76613009597024
Sra. Camila Vieira,491.720.856-49,martinsbruna@example.org,feminino,18,738.9400801942635,False,,7.640638192245344,6.886874251667217,8.43767182337129
Ian Rodrigues,261.853.094-24,qviana@example.com,masculino,26,687.326294822996,False,,5.728112767450343,8.143974975210124,9.983280488772063
Esther da Costa,710.593.628-21,pedro-lucas37@example.net,feminino,20,758.5186404618581,False,,5.398921086426563,7.026329652624924,6.919608203747837
Anthony Cardoso,927.804.156-49,piresmarcos-vinicius@example.com,masculino,29,792.4288781457383,True,6.0,8.495247639434744,5.753340685228057,9.284631944267122
Eloah Nascimento,874.350.126-53,martinsisaac@example.com,feminino,22,678.209105750981,False,,9.25048587473131,8.218938529608904,6.7672545215270965
Murilo da Paz,975.638.402-65,carolineda-costa@example.org,masculino,19,718.109124380821,False,,9.755498618187016,5.596189840942983,6.100735671272931
Gustavo Lima,359.401.786-93,diasalicia@example.com,masculino,26,749.5783592204868,True,7.0,9.983733049082453,7.603151158707107,8.952628314627123
Bruno Cunha,739.068.241-87,giovanna55@example.net,masculino,22,688.2536001553059,True,4.0,9.176664991660605,,
Emilly Azevedo,218.430.695-98,cfernandes@example.net,feminino,27,762.2460423837607,True,8.0,9.951890071266217,8.7599449551413,5.455237283958287
Dr. Henrique Cardoso,974.561.028-30,eduardo97@example.net,masculino,18,661.6812366287317,True,9.0,5.876657907822112,7.58777089131112,6.971097682318073
Lara Correia,523.746.098-47,leandroalmeida@example.org,feminino,19,661.8995954228158,False,,9.41107824702107,5.757537823024242,5.332634958085848
Caio Novaes,396.041.587-75,marina65@example.org,masculino,29,697.6291576118106,True,1.0,,,
Srta. Beatriz Teixeira,894.156.207-49,samuel99@example.net,feminino,23,702.7979994619808,False,,5.854247426732967,6.678350165642021,5.863672720452788
Vitor Gabriel Melo,439.206.785-83,natalia67@example.com,masculino,27,798.1750766186972,True,5.0,7.593606554597624,7.653363766110991,
Caroline Martins,216.580.974-67,portosabrina@example.org,feminino,25,752.0850503832049,True,3.0,7.936316185501607,,
Ana Carolina Santos,762.859.014-49,pintovitor@example.com,feminino,20,713.5625449788783,False,,7.504509354579092,7.81460702973186,7.337054330128423
Enzo Gabriel Caldeira,419.683.270-96,fmoraes@example.org,masculino,25,791.6672018820227,True,8.0,9.992768416984244,6.110194580527271,7.1142947930630465
Maria Julia Rezende,684.310.572-62,julia98@example.com,feminino,28,762.4833992101806,False,,9.485511941241441,9.830820347751171,7.129598305429546
Sra. Valentina Ramos,861.452.703-90,hmoreira@example.org,feminino,19,698.052479340399,True,9.0,5.732343415192551,6.201586629793108,7.210271287165024
Luigi Pereira,708.632.915-03,davi-luizaragao@example.org,masculino,19,661.6308588470582,True,6.0,6.1581519759598145,7.881829072311249,5.878001969038
Sr. Luiz Otávio Farias,315.276.940-70,alicenunes@example.net,masculino,19,692.9941112228262,True,9.0,7.254354593179681,6.205659555689396,8.69067942775362
Fernanda Lima,780.165.234-71,piresenzo-gabriel@example.org,feminino,29,662.3485783625495,True,8.0,8.764071385944467,7.291981484153836,8.65931796933073
Sra. Gabrielly Pereira,810.327.965-02,danielduarte@example.net,feminino,24,677.6278393936827,False,,9.910763975299322,8.892911712247681,7.9424643477767685
Alana da Luz,105.972.463-43,ldas-neves@example.net,feminino,29,701.142970162004,False,,8.342684253839254,8.799166294335082,5.966832460359989
Vitor Hugo Oliveira,615.723.098-30,helena78@example.net,masculino,24,680.7858494817859,True,3.0,8.724223576428985,,
Nathan Vieira,108.673.295-21,milena63@example.org,masculino,28,735.4588348855912,False,,9.348227517725714,5.336520064277247,6.758082086048004
Laís Porto,930.568.741-57,joaquim92@example.org,feminino,28,758.4778112412448,False,,6.599067312353633,7.292803302382209,6.474813574892147
Sophie Santos,918.276.045-49,luiz-gustavo24@example.net,feminino,18,729.8007315509412,True,2.0,,,
Otávio Cardoso,608.235.147-90,novaesbenjamin@example.net,masculino,24,662.8265001913795,False,,6.672110602937467,6.674469908844783,9.997073870158747
Kevin Porto,324.571.968-09,da-costalais@example.org,masculino,25,741.7704387063335,False,,7.079227724230952,6.573274467148718,7.89617966536437
Davi Azevedo,045.376.891-10,nogueiraana-luiza@example.com,masculino,18,724.7478973470836,True,8.0,7.560786211382462,9.268656663919119,6.032376622096017
Isabella Cardoso,125.806.934-24,orocha@example.com,feminino,20,663.0331187300338,False,,6.466761185522385,8.088738226662613,8.597399426305639
Ana Farias,175.826.349-00,emanuelly34@example.org,feminino,19,652.9600367373449,True,1.0,,,
Emanuella Aragão,394.726.058-00,da-motacaua@example.net,feminino,28,654.3511670034085,False,,6.606539294261546,5.09806042332739,9.748383382263114
Stella Caldeira,108.534.927-60,nsilveira@example.com,feminino,20,668.0640485166799,True,2.0,,,
Heitor Farias,605.134.827-17,ana-sophianogueira@example.com,masculino,27,665.3476067273705,False,,6.34539003541008,7.220075185027479,8.658902864337822
Calebe Fogaça,780.649.312-31,gabriela14@example.com,masculino,22,798.1458826845642,True,5.0,8.215217879601088,5.3385730043922255,
Vicente Gonçalves,106.432.587-44,araujomariana@example.net,masculino,26,693.5164203973097,False,,5.031468326147847,6.302776470286422,5.7195051860165
Calebe da Costa,304.578.962-56,jesusisadora@example.com,masculino,28,767.9184315921382,True,1.0,,,
Yago Nascimento,384.029.715-04,ulima@example.com,masculino,22,792.0903454164155,True,3.0,7.905005748657219,,
Maitê Cardoso,043.597.621-43,gda-cunha@example.com,feminino,19,641.960608649663,False,,9.08661402274464,8.313847663146785,6.638472059275309
Srta. Agatha Freitas,402.539.761-70,marcelosouza@example.org,feminino,23,741.7985613489983,False,,9.533336167976016,7.822797008308195,5.450296001019154
Murilo Carvalho,625.839.071-40,ribeirobarbara@example.net,masculino,26,715.2268705553397,False,,6.903298708583931,7.6634310594873805,9.55860072433445
Srta. Evelyn das Neves,463.950.721-61,calebepeixoto@example.org,feminino,26,675.3730671261134,False,,6.7457891516921435,5.675879289336663,7.4933380939134215
Maysa Novaes,564.837.920-00,henriquearagao@example.org,feminino,19,746.4133071102501,True,1.0,,,
Lavínia Martins,096.485.712-01,arezende@example.com,feminino,20,645.7489747783759,True,7.0,5.0037861996279425,8.242635437093606,5.788336691689658
Vinicius Castro,126.857.049-49,danilocorreia@example.org,masculino,21,675.3260504430627,True,5.0,5.678449774064412,7.553415354072609,
Ana Clara Teixeira,472.603.159-70,ana-beatrizsantos@example.org,feminino,28,654.604394640501,False,,6.8109022896117875,5.185138279229412,7.774566814527079
Raquel das Neves,146.975.302-25,beatriz13@example.com,feminino,23,705.6220749843471,False,,6.930867625398808,5.816020494059465,7.740577855360327
Mariana da Mata,514.736.082-44,emoraes@example.net,feminino,19,758.6092707412772,True,1.0,,,
Catarina Santos,510.893.762-86,joao-felipe15@example.com,feminino,23,779.3097374741437,True,6.0,5.7215690740333285,6.768126958730658,9.496504490509226
Dra. Juliana Gonçalves,964.215.780-20,caio22@example.com,feminino,29,766.1592288505404,True,4.0,8.324201062973213,,
Sr. João Miguel Nogueira,341.705.298-04,gnascimento@example.org,masculino,26,663.7742060467144,True,6.0,6.097935034632744,9.797634886857786,5.494347849786434
Sr. Vicente Martins,362.914.807-78,da-conceicaoana-julia@example.net,masculino,27,667.942538751056,False,,7.246478438328908,8.814414694498454,6.017133539461728
Isis Rodrigues,915.863.420-70,da-motaclara@example.net,feminino,22,652.9660277483362,True,1.0,,,
Danilo Moreira,325.761.049-16,freitasmaria-eduarda@example.net,masculino,27,796.0091306267043,False,,5.464389084588117,9.5127517660234,5.298939648956255
Yuri Melo,162.098.547-02,aragaokevin@example.net,masculino,27,737.247144246965,True,9.0,9.952911893843332,5.753197677478813,6.4964678232790956
Laís Peixoto,716.594.382-09,kda-costa@example.org,feminino,21,700.4032319888295,True,4.0,5.558800079414538,,
Daniel das Neves,716.309.854-57,da-matapedro-miguel@example.org,masculino,24,702.3724074889947,True,8.0,9.578556612787136,8.648129868750353,8.609166965739888
Benício da Rosa,930.785.241-32,pedro-miguel99@example.com,masculino,27,674.7837321341649,True,2.0,,,
Emanuel Fernandes,958.721.403-04,camposstella@example.net,masculino,22,713.7968949213071,False,,5.033908981122501,5.975957492538692,7.5525871711750865
Dr. Pedro Miguel da Mota,489.726.130-96,pietro01@example.com,masculino,22,744.2752299804347,True,5.0,6.787529000998607,5.517466097087478,
Marcela Alves,167.534.092-70,arthur21@example.net,feminino,22,704.886480655798,True,7.0,7.2049036124016785,9.267033055215329,7.4885035396063575
Luiz Gustavo da Rocha,904.138.765-00,nsilveira@example.net,masculino,27,670.4830366767997,False,,8.25465953833329,9.88469264850389,6.211471166251505
Raquel Ferreira,196.782.503-30,cardosomilena@example.com,feminino,19,787.3104560141974,False,,6.676722268843661,9.947342915478817,5.532915387412597
Eloah Jesus,967.813.025-40,souzabianca@example.com,feminino,18,758.825452131731,False,,7.365892811599851,8.561704104393698,5.5021320886974125
Maria Vitória Barbosa,473.198.265-00,valentinamoura@example.com,feminino,19,724.0992153056611,False,,6.865447935395996,8.29488407001905,7.785066996426329
Carolina Pinto,457.902.136-34,talves@example.net,feminino,18,712.7900669835459,False,,6.406708849585092,8.081448705946901,6.4980685055589
Antônio Teixeira,198.507.234-32,costaleandro@example.net,masculino,28,682.7833365323379,True,7.0,5.296233979548473,5.442566513968618,7.080975953827862
Bárbara Caldeira,803.971.426-50,qpires@example.com,feminino,19,767.0117336827437,True,9.0,9.306488056236283,8.960125689618103,5.871253636370094
Fernando Carvalho,739.850.142-05,pedro53@example.com,masculino,25,693.2856648573047,True,3.0,8.379184295480687,,
Nicolas Carvalho,841.926.753-82,caue23@example.org,masculino,24,783.0074406492321,True,2.0,,,
Nicole Santos,967.415.308-00,emanuelaragao@example.org,feminino,28,754.8709518048356,True,9.0,7.638343316885825,8.121511650111024,5.534752337377196
Dra. Marina Barbosa,164.873.290-96,luiz-felipe86@example.net,feminino,18,713.9442584264117,False,,9.686722883168173,9.444055970241077,9.685108155422533
Evelyn da Costa,974.526.083-56,cavalcantirenan@example.org,feminino,21,716.9033481566936,True,7.0,6.071893829893485,7.961755583912959,8.018079885469707
Cecília Vieira,348.261.705-80,julialima@example.com,feminino,18,789.0515475493432,True,1.0,,,
Noah Barros,801.952.743-50,lavinia36@example.com,masculino,26,650.5911041954704,False,,9.31654790325461,9.62992142355488,6.198044347846347
João Felipe Melo,792.641.358-55,da-pazbreno@example.org,masculino,25,668.8093495477974,True,4.0,7.426549820299977,,
Sr. Gustavo Henrique Ribeiro,591.684.720-30,giovanna82@example.com,masculino,25,707.1573139244387,False,,6.267856155390824,9.617794677814544,7.058327267561767
Nathan Almeida,295.348.160-51,vitor38@example.com,masculino,23,752.1286268044339,False,,8.409326594513558,5.886168532214189,6.838249625043364
Sra. Ana Carolina Santos,508.947.312-97,limalorenzo@example.com,feminino,24,666.8629721542351,False,,6.413707924221647,9.961463867013364,7.884554080781028
Catarina Mendes,541.792.680-94,fogacabarbara@example.net,feminino,25,763.1524944978487,False,,5.477917262198719,8.527263813850562,5.9720264441456266
Maria Cecília Cardoso,247.306.819-40,miguelcosta@example.net,feminino,20,798.0231946674452,False,,5.398712843089734,7.419500106549351,5.017564034687753
Sabrina Pires,256.793.180-59,maria-sophia67@example.com,feminino,24,653.5799013600155,False,,8.171166948293955,8.006364061391064,9.860473477453734
Dra. Bárbara Ribeiro,012.375.489-50,isabellasantos@example.net,feminino,21,647.3908622835577,True,3.0,5.7510052245543655,,
Pedro Viana,915.378.620-30,jpeixoto@example.com,masculino,26,691.4651549158127,True,6.0,7.5843978499123,9.084467484104415,6.317541144591734
Dra. Ana Carolina Cardoso,319.527.086-21,pnovaes@example.org,feminino,28,668.8643702408492,False,,9.87105452459291,9.06001712696983,6.595222246594563
Ana Porto,768.521.903-40,manuelaalmeida@example.net,feminino,29,740.3554531594355,True,3.0,5.499722227434093,,
Luiz Gustavo Gonçalves,741.859.602-20,carvalhobenjamin@example.net,masculino,19,680.0216331047294,False,,8.068340241075921,5.915824006093179,7.855012848449444
Caio Moura,430.781.695-10,anaramos@example.com,masculino,27,734.9589964757397,True,8.0,8.651715819023625,9.409620612832999,5.3191053356492555
Breno Ribeiro,649.501.783-93,eribeiro@example.org,masculino,26,700.8534627808434,True,8.0,8.020467901347624,7.2439637527608935,5.37642944496788
Dr. Augusto Dias,931.482.670-87,fernandescecilia@example.com,masculino,27,653.9424924625922,False,,6.045097268360404,6.584521008556521,6.224130189371717
Breno Viana,856.391.720-02,ninafernandes@example.org,masculino,22,701.6102162435919,True,2.0,,,
Enzo Gomes,275.908.164-85,brenda11@example.net,masculino,23,670.881342613446,False,,9.209968367833753,8.980303378894282,5.258954573015464
Dr. Samuel Silveira,362.957.480-74,wrocha@example.net,masculino,21,762.2189548844235,False,,7.381253921359404,8.627546708606811,5.263656655673672
Sr. Augusto Cavalcanti,658.307.194-01,ribeirokaique@example.net,masculino,26,672.9756692881508,True,9.0,9.122370949045948,9.22942535938957,5.559156756205053
Nicolas Farias,167.820.459-58,kalves@example.org,masculino,27,684.2251461212915,True,4.0,8.407800147617925,,
Vinicius Ribeiro,523.076.491-07,ryanda-mota@example.com,masculino,21,675.9803932479502,False,,9.5791837067752,7.682865696277351,6.366322285210996
Lucas da Rosa,978.306.214-03,lucas-gabriel38@example.org,masculino,25,798.6567573151298,False,,8.959964377232794,5.196716529464798,8.320553368288971
Yago Melo,078.914.562-67,joaomelo@example.org,masculino,29,728.5738681091641,False,,5.6638876580785364,9.540770132608213,7.052541716876491
Stephany Gonçalves,137.628.094-96,jcardoso@example.com,feminino,23,656.3233001876459,True,4.0,5.867931933388249,,
Alexia Correia,876.109.254-11,eloah03@example.com,feminino,18,697.7248387377408,False,,7.809225359097015,5.0723658988519675,5.988645682496595
Gabrielly Farias,367.124.859-91,bcardoso@example.org,feminino,21,672.2245241088464,False,,8.678694923928225,6.650116840120699,8.935132401954643
Ana Carolina Monteiro,760.913.825-86,isadorapereira@example.com,feminino,27,691.3010262179715,True,3.0,5.17557766292129,,
Rafael Alves,617.849.250-20,ysilva@example.com,masculino,25,650.0832023230233,True,8.0,8.394625273264788,8.8292812445811,8.489627098797484
Dr. Rafael Porto,305.721.849-05,beniciomoura@example.com,masculino,21,687.6162621893178,False,,5.329108134069839,9.40353461673537,5.083533506401031
Manuela Lopes,834.765.012-80,ribeiromaria-vitoria@example.org,feminino,21,787.5573895604282,False,,5.713773694984058,6.130475660432215,6.603781783206397
Bárbara Monteiro,604.312.795-43,da-pazmarina@example.org,feminino,28,670.5088759562873,False,,8.72059144951172,8.319482252015957,5.038499642014809
Davi Lucca Araújo,421.630.597-07,thiagocavalcanti@example.net,masculino,24,675.1061615339546,True,7.0,7.511265659107328,6.020870568223493,8.498740085643593
Daniel Porto,103.549.762-06,barbara91@example.org,masculino,20,735.1791205584707,False,,6.884409767482138,6.9755408772721035,6.536439794032145
Dr. Lucas Jesus,986.743.150-20,ocostela@example.net,masculino,28,666.667814647823,True,9.0,8.303383031854022,8.259837042431155,7.150915420287288
Ana Vitória Cardoso,938.057.612-95,da-pazcalebe@example.com,feminino,25,737.3138138118962,True,4.0,9.542687873190744,,
Maria Sophia Oliveira,185.326.794-55,emilly31@example.com,feminino,21,772.3650799889708,False,,7.358560356231237,7.967313879580699,7.240020173835788
Sra. Giovanna Cardoso,187.094.356-20,lorena76@example.net,feminino,24,654.1239027146656,True,9.0,9.11807664499539,7.164811774297686,8.47184863071149
Isabella Costa,957.230.814-97,kevin52@example.net,feminino,24,790.104488769038,True,9.0,9.376651977398431,5.7407613021530075,9.51575143059688
Breno Barros,357.498.201-14,oliveiraalana@example.net,masculino,21,752.8447768305704,True,2.0,,,
Enzo Castro,178.056.329-95,zcavalcanti@example.org,masculino,20,700.1126240244598,True,9.0,8.293722313144702,6.800921195300591,7.0499211119621314
Sra. Heloísa Teixeira,702.693.184-96,pietro03@example.net,feminino,23,738.9394659672073,True,8.0,5.280029947212226,5.836770916814941,9.28673929033896
Dr. Enrico Rezende,741.938.526-28,larissaferreira@example.net,masculino,21,764.6259614528491,True,8.0,7.198665502709032,9.567882460660204,5.042712022434933
Vitor Hugo Moura,546.302.978-47,bcastro@example.com,masculino,23,675.5449280299706,True,6.0,8.242197876839361,6.902853198732609,5.796068193371553
Raquel Sales,534.769.802-00,ana-carolina27@example.net,feminino,20,780.4552126487351,True,6.0,9.370480058091726,6.724551297829336,7.025996379327616
Bianca Porto,567.243.819-91,luiz-gustavoda-rosa@example.net,feminino,29,664.5054296541642,True,1.0,,,
Srta. Clara da Cunha,784.106.529-94,bdias@example.com,feminino,21,643.6246600611136,True,1.0,,,
João Felipe da Cruz,039.514.678-00,stella29@example.com,masculino,18,767.6183819636407,False,,5.70474418917189,5.657878772147865,7.281241237188788
Thomas Nascimento,524.971.603-25,ybarbosa@example.com,masculino,20,782.5266614142657,True,5.0,8.584587030983595,8.26164235690074,
João Pedro da Conceição,082.637.514-62,rezendepedro@example.net,masculino,24,721.5409004066422,False,,6.0691641160450045,7.266687989786234,5.559912815472839
Melissa Peixoto,035.724.896-10,cardosolavinia@example.org,feminino,27,743.514760142518,False,,6.537178892106924,6.906501184736823,8.24214373671482
Sr. Breno Vieira,236.805.794-38,barrosmaria-julia@example.net,masculino,26,789.8144070126616,False,,6.7135590240745175,6.4708242498087145,6.681569217940468
Emanuelly Gonçalves,986.345.217-37,azevedoolivia@example.org,feminino,21,681.7444236230493,True,9.0,9.30384852518044,5.6404547588563805,6.799531143772228
Pedro Miguel Ferreira,741.052.839-79,amanda49@example.org,masculino,27,690.8645262898908,True,3.0,5.7325494021842855,,
Sra. Sophia Martins,614.795.230-70,thales54@example.org,feminino,19,645.3671595569358,True,3.0,7.768529764444356,,
Agatha da Cunha,096.813.275-86,isadora84@example.net,feminino,18,793.2172182062905,False,,6.748506745109296,5.5043404112840815,6.071694262053651
Bruna Pinto,294.318.067-03,sofia67@example.net,feminino,24,795.8382660969794,False,,6.254273796651809,6.12539160258998,5.957080814781462
Cauã Duarte,231.960.578-95,isis88@example.org,masculino,26,711.8148836401068,False,,6.223310809604184,9.683776383612358,8.526741518853122
João Miguel Nascimento,670.812.549-85,ana-vitoriaferreira@example.com,masculino,21,669.8730720078967,False,,6.660668168831774,8.658937944562233,8.446511354323835
Gustavo Henrique Monteiro,548.910.372-88,ralves@example.net,masculino,24,781.2548675461575,False,,8.295312548488663,7.350972037248628,9.439914491365084
Lavínia Cardoso,547.631.982-46,eloahjesus@example.org,feminino,26,683.4010544712195,False,,7.8580269943017385,9.301537046067967,9.192695151690295
Kevin Costela,974.216.083-03,ana-sophiacavalcanti@example.org,masculino,25,658.4022244332214,True,4.0,5.655594556874224,,
Enzo Moreira,278.156.904-67,mmendes@example.org,masculino,18,673.6537815999999,False,,8.585076056152383,5.419196468583862,6.288551269569889
Samuel Costela,485.321.760-62,costagabriel@example.org,masculino,19,736.7267899710662,False,,6.487157884639959,6.552341199640023,6.218059796543507
Luiz Miguel Ribeiro,763.152.490-43,thalesazevedo@example.net,masculino,19,752.372572220123,False,,7.064827995675264,7.228301301789202,5.749135678673033
Camila Nunes,068.345.729-29,miguelviana@example.net,feminino,29,655.495390506712,False,,5.566646532819679,8.77935561346418,8.815558385914482
Enrico Gonçalves,594.321.768-19,anthonycaldeira@example.org,masculino,18,643.1816468625091,True,9.0,5.007250495843559,6.989860356888139,9.573085912592546
Luigi da Rocha,416.508.723-80,dcastro@example.org,masculino,18,764.7918213236932,True,3.0,8.4329022535278,,
Yuri Cardoso,570.283.196-95,raul34@example.com,masculino,26,669.1277142358314,False,,6.893245779416931,5.998092340418778,8.941642717342036
Gabriela da Mata,216.375.894-09,sofia22@example.com,feminino,18,750.8951382340185,True,9.0,8.092252063961926,8.79944989704557,7.561890288497766
Maria Fernanda da Mata,257.469.018-49,onovaes@example.com,feminino,18,717.5619106802246,True,3.0,9.467040140879437,,
Valentina Cardoso,967.534.802-00,oliveirapietra@example.net,feminino,24,658.4775438527876,True,3.0,7.27082864725587,,
Júlia Araújo,198.726.543-28,costaluiz-gustavo@example.net,feminino,19,772.4132903805398,False,,6.844585227877422,9.38033426392495,5.4987300247814
Bernardo Barbosa,254.306.179-70,spinto@example.net,masculino,29,644.9490392406716,False,,9.217096235756884,9.331065470328284,7.626227403767384
Ana Carvalho,417.506.293-99,cauada-luz@example.com,feminino,20,651.9499123439977,True,5.0,9.914741132244494,5.918025213600363,
Bryan Campos,804.179.526-94,lnascimento@example.com,masculino,21,683.7570387408605,True,1.0,,,
Dra. Camila Cardoso,129.584.603-98,heloisa98@example.com,feminino,23,642.0306806980082,True,4.0,5.442899821136234,,
Dr. Matheus Viana,934.580.126-05,das-nevesalexia@example.com,masculino,18,728.7218797424667,False,,5.319972727491013,7.335777378406947,7.03704803210047
Alice Viana,450.721.936-16,moreiramilena@example.com,feminino,23,692.5597614173589,False,,5.136706666915673,7.80220892180564,9.935835488058
Caroline da Luz,470.129.586-85,livia49@example.net,feminino,27,670.124377593076,True,7.0,6.03659839125903,7.590318722297184,6.915513159693166
Camila Ribeiro,327.405.618-90,mourasarah@example.org,feminino,29,691.8313676259978,False,,9.127716473580511,8.968008488430169,8.487676960335557
Arthur Correia,529.874.601-20,caue40@example.org,masculino,26,704.5215410007218,False,,5.589804862427281,7.966789720426269,6.709667133560843
Enrico Fogaça,502.349.817-41,rochajulia@example.com,masculino,21,684.1451183569985,False,,6.4502447984881,5.087926232471365,9.84742313509946
Pedro Miguel Jesus,560.283.417-62,diasbryan@example.org,masculino,20,701.6257706240357,False,,7.9043886216672865,6.871268360482875,8.980979257027338
Sophia Teixeira,862.734.015-35,luccasouza@example.net,feminino,25,676.5828878476689,False,,5.123836433188014,8.373068146719845,8.183427586603791
Sr. Vicente Farias,065.178.923-03,varagao@example.net,masculino,23,772.3410122047932,True,2.0,,,
Sr. Antônio Barros,968.173.405-00,danieljesus@example.com,masculino,29,799.3898972305257,True,6.0,6.594454624484308,5.03169989326976,5.367091945007785
Isabelly da Luz,154.973.268-46,bbarros@example.com,feminino,29,683.9505203815677,True,8.0,9.918739255543745,7.7227571844634175,8.290679222177918
Srta. Nicole Gonçalves,729.106.354-06,ecorreia@example.com,feminino,18,750.9456227185374,True,9.0,9.080934805479826,9.000529652692748,7.1992760619380025
Valentina da Rosa,512.038.749-79,liviacampos@example.com,feminino,21,764.7294095416564,False,,8.841997558443115,6.2049012772481476,7.429060526969547
Maria Alice Nogueira,597.102.846-49,joao-pedromoura@example.com,feminino,28,646.1514061078628,True,2.0,,,
Dra. Kamilly Fogaça,407.361.895-48,wteixeira@example.com,feminino,26,641.0754916896875,True,7.0,7.024777865551421,7.678021105348691,5.056910405034901
Cecília Campos,843.521.709-41,mfreitas@example.net,feminino,28,738.2886496563079,True,9.0,6.444533086785569,5.450647327126166,6.08008063157777
Clara Gonçalves,054.162.387-71,bernardoduarte@example.net,feminino,22,699.7933175446794,False,,8.705175175620493,7.640680459782656,8.37861538657377
André Ribeiro,142.879.306-22,lopesdiego@example.com,masculino,19,676.2368122504749,False,,7.372830597945618,5.359384860515096,5.83214895948696
Valentina Costa,168.354.092-15,limacatarina@example.org,feminino,21,714.0718706443057,True,8.0,6.50472327136921,6.5028874985036005,5.526590572307393
Sr. Cauê Alves,581.963.027-03,ycastro@example.org,masculino,18,728.4526599466665,False,,7.079356203526528,9.69587330693208,6.053270743032826
Bernardo Silva,478.165.239-55,portokevin@example.com,masculino,29,730.5556367047272,True,3.0,7.105099195877591,,
Gabriel Moura,173.942.805-60,acavalcanti@example.net,masculino,25,664.6453953482966,False,,7.468267220937023,9.861916808946566,7.274281290242696
Davi Ferreira,657.201.498-30,kamillycastro@example.net,masculino,26,735.1601793837905,False,,7.903469287143233,5.586762249698657,6.017283895052788
Dra. Laura Rezende,015.679.284-20,nalmeida@example.org,feminino,27,755.0572513661006,False,,9.809081142521908,6.056061725884562,6.349049504863329
João Vitor Barbosa,109.785.426-49,gda-rocha@example.net,masculino,26,641.3219322047922,True,5.0,5.05903569223405,8.151818904111497,
Pietra Jesus,570.389.162-03,maria-luizacostela@example.com,feminino,21,697.1718390155938,True,3.0,5.685461282958482,,
Alexandre Cavalcanti,689.253.471-64,silvajulia@example.com,masculino,18,748.425006097947,False,,6.792726267419797,5.967894444620674,6.375702166664585
Yuri Fernandes,180.435.267-53,da-costabruna@example.net,masculino,29,788.4963124950741,True,8.0,5.317376452025724,7.286959884819761,7.3235304051702865
Marcelo Lopes,381.709.562-77,joao-pedro65@example.net,masculino,28,733.1298882066169,False,,5.575992849039276,6.873617548765985,6.746282906616905
Maria Clara Cunha,019.542.386-06,da-luzisabelly@example.net,feminino,22,694.5388680621846,True,6.0,6.789322518905221,8.038287380481032,7.432273665006783
Bryan da Paz,541.230.896-15,das-nevescarolina@example.com,masculino,19,785.5579908714084,False,,8.339211446150266,6.837782094483326,7.987445112831713
Isaac Silveira,381.594.760-00,maria-fernanda65@example.net,masculino,22,658.1474473522824,False,,8.116492949730883,5.077186877779558,8.837956018929626
Lorena Mendes,581.497.620-94,ecardoso@example.org,feminino,29,643.1260941050709,True,5.0,9.137466565200413,7.108993509473169,
Dr. Levi da Cunha,680.234.519-60,heitor32@example.com,masculino,22,697.6613794735375,False,,5.7439461997895425,6.8949411056647225,8.263528072636035
Diego Martins,285.794.360-10,catarina43@example.org,masculino,19,736.9316654583098,False,,5.301969607362633,6.955862262499223,8.171338353067938
Isis Moreira,059.478.216-30,kaique64@example.net,feminino,25,709.1506121765345,True,5.0,7.595703057293608,8.216579382383342,
Sr. Nicolas da Rocha,812.635.094-60,ana93@example.com,masculino,22,775.9435166141967,False,,9.367226365674389,9.541120776422781,8.784567681007653
Breno Cavalcanti,708.364.951-01,castromaria-fernanda@example.com,masculino,25,779.7252573922,False,,8.307407064979218,8.96805311800513,5.7072193478898425
Marcela Sales,137.268.490-50,imendes@example.net,feminino,25,741.5108067994254,False,,5.091972654905082,6.155132525480353,6.3668666073598645
Rafael da Rocha,327.568.419-19,renan69@example.net,masculino,21,798.862460037162,False,,6.587878526189881,6.127391340815553,5.649583202843623
Davi Lucas Souza,429.657.130-34,gustavocostela@example.com,masculino,22,686.3748716831972,False,,6.15933194685779,6.049171697902095,6.458711686932146
Mariana Alves,025.831.967-40,glima@example.net,feminino,18,797.3423001735716,False,,7.9623530184233875,5.440868240127341,6.4666205804564445
Ana Clara Moreira,806.254.197-58,duartemarcos-vinicius@example.com,feminino,21,765.1998867167498,True,5.0,9.04029317548599,5.588602803897144,
Benício Azevedo,091.247.638-96,bianca46@example.net,masculino,29,652.1777974430026,False,,9.663734533370338,7.702748664647985,7.680306984867855
Luiz Fernando Azevedo,867.251.094-11,heitorcostela@example.net,masculino,24,714.3220949949574,True,5.0,8.0170066022792,5.503912866105577,
Marina Peixoto,425.197.603-70,icavalcanti@example.com,feminino,25,704.9954440552917,True,1.0,,,
Lorenzo Fernandes,182.543.790-41,maitemonteiro@example.net,masculino,24,660.5429298627096,False,,6.560151319362426,9.514139246990855,5.446667386558536
Mariana Cardoso,740.869.325-47,marina10@example.org,feminino,27,690.9809912941686,False,,5.635924410064643,8.063509456074204,5.102643525863715
Sr. Lucca Nogueira,564.938.207-74,rafaelalima@example.net,masculino,18,691.1353996635971,True,9.0,8.933199384689722,9.902705688973949,8.402267453875808
Dra. Júlia Moura,251.307.964-70,beatriz94@example.com,feminino,27,730.7826451059398,False,,8.027864497520037,6.232171487687026,6.708426089720316
Laura Viana,751.632.948-73,costalavinia@example.org,feminino,21,778.9163841095913,True,7.0,8.953347097269413,5.271389561824315,9.208959353762172
Sofia Moraes,963.174.852-91,dfarias@example.net,feminino,21,761.5591647108643,False,,8.173683363260928,5.247343343362222,7.2450064031031
Heitor Rocha,906.274.135-52,xpires@example.org,masculino,21,796.6820196534804,True,4.0,6.3587086481922155,,
Dra. Julia Teixeira,257.043.619-43,ribeiromilena@example.com,feminino,19,682.6393675986797,True,4.0,6.490692831279479,,
Dr. Vitor Hugo Gonçalves,543.271.890-14,felipe55@example.com,masculino,18,674.7771014998865,True,1.0,,,
Luiz Henrique da Cunha,678.312.540-80,danilopereira@example.com,masculino,18,683.5020126356753,False,,5.66818253687811,6.057493415645263,7.249246142601375
Ana Vitória Oliveira,876.204.935-65,da-rosaana-laura@example.net,feminino,24,702.4126807126074,True,2.0,,,
Marcos Vinicius da Conceição,921.480.365-05,fsales@example.org,masculino,20,780.71621243263,False,,8.893377581046984,8.579174437728094,8.100207705790067
Maria Fernanda da Mata,264.318.705-90,luiz-felipemoraes@example.org,feminino,27,730.3481262992556,True,6.0,6.235303431758869,6.632955712810313,7.170569441680279
Dr. Lucas Gabriel Castro,918.734.062-31,teixeiraeduardo@example.org,masculino,25,651.9065717932687,False,,7.561414250176307,9.490806289285684,6.100147221606843
Pedro Miguel Ferreira,627.591.048-85,enunes@example.com,masculino,29,641.4126819424642,True,8.0,8.13346397485083,5.145628573576243,8.10027918551829
Gustavo da Paz,340.957.618-57,maria-fernanda15@example.com,masculino,27,735.5879632661275,False,,9.491448374893338,5.791416737970426,8.974292545776485
Alana Monteiro,817.936.245-00,yasminda-rocha@example.net,feminino,21,747.9298147744786,True,1.0,,,
Bianca Melo,620.438.597-65,pereiramatheus@example.com,feminino,26,703.3946670843836,False,,5.699338902083199,6.191691556130163,6.4096205916287525
Larissa Cavalcanti,392.578.146-37,lucasaraujo@example.net,feminino,19,715.5960731433463,True,3.0,5.397289435737054,,
Carlos Eduardo Cavalcanti,481.056.973-00,carolina83@example.com,masculino,25,733.2596175464886,False,,6.305224828542549,9.535535429590876,7.223558941461446
Dr. Thales Azevedo,573.648.291-64,asilva@example.net,masculino,29,683.3868996677177,True,2.0,,,
Carlos Eduardo Araújo,571.483.920-04,wlima@example.com,masculino,20,773.6021526120993,False,,8.608585921959822,5.754723106488461,8.667281419957016
Ana Carolina Oliveira,496.132.570-80,cferreira@example.net,feminino,23,777.2118984004375,True,3.0,9.172765688787855,,
Mirella Vieira,610.934.758-20,mirellanascimento@example.com,feminino,26,680.3281472194758,True,9.0,9.084468102890494,7.335946391573469,7.628714323538762
Rafael Castro,718.693.025-59,wduarte@example.org,masculino,20,731.4955584881739,True,1.0,,,
Leandro Rocha,928.764.103-03,hduarte@example.org,masculino,26,659.6534941314552,False,,8.411864250662669,7.457998770076481,6.294735951076463
Luiz Gustavo Nogueira,071.462.538-80,vribeiro@example.net,masculino,24,733.8323809584252,True,7.0,7.3196401872451,9.071937770023455,9.881860283987704
Milena Melo,378.591.042-88,vieiracarlos-eduardo@example.net,feminino,21,685.953026819892,True,3.0,7.6271608576492,,
Emilly Costela,620.879.135-95,murilo55@example.net,feminino,21,791.5192150841262,False,,6.384884917907931,8.45226613892196,8.09262596526019
Sarah Rezende,873.106.954-10,fteixeira@example.com,feminino,28,658.5486152151548,False,,9.85595992448825,9.951789935227328,6.373938747256648
Juliana da Mata,198.320.645-89,lunada-rosa@example.org,feminino,18,701.627201399931,True,4.0,8.107080084881563,,
Camila da Mata,936.207.815-59,maria-juliacunha@example.org,feminino,26,688.4697328807,True,4.0,6.519611137570446,,
Nicole Dias,960.547.382-83,pietro03@example.net,feminino,23,671.9521246109616,True,8.0,8.103939094876596,6.487238613402086,7.042325442334219
Ana Julia Nascimento,605.324.971-80,rcampos@example.net,feminino,25,642.2814237007696,True,7.0,7.75880282651813,7.536435038985135,8.63363350537894
Maria Alice Cardoso,982.634.051-06,da-costagustavo@example.net,feminino,23,730.2131433106632,False,,9.93847451341438,5.180126917134846,8.256989124094735
Ana Mendes,860.937.254-56,heitor40@example.org,feminino,24,742.3996472647015,True,9.0,9.52624946714662,9.068007287653943,9.28440425233293
Enrico Fernandes,492.518.763-55,ddas-neves@example.com,masculino,23,656.0654602071977,True,1.0,,,
Juan Porto,109.857.426-58,vianamaria-luiza@example.org,masculino,20,778.3010300776086,True,3.0,6.48237731982865,,
Dra. Manuela Fernandes,690.278.534-10,milenada-rosa@example.com,feminino,19,789.6565421245206,False,,6.113404725336311,9.036560682881584,6.818499330726611
Matheus Mendes,274.693.851-00,alexiasilva@example.org,masculino,28,774.7850419185412,True,1.0,,,
Benício Moraes,245.187.390-60,duartedavi-luiz@example.net,masculino,21,691.8684413579234,False,,7.908010485337409,6.83776072416149,7.487891156457072
Enrico Costela,421.573.806-71,caroline75@example.org,masculino,20,648.5133552104173,False,,6.3147585709125185,5.559518249291615,9.370507999184902
Dra. Mirella Pereira,362.148.759-09,benjaminda-paz@example.com,feminino,18,700.0271427743508,True,9.0,6.363053237648979,9.92992917386129,8.106201813139347
Sra. Sarah da Mata,829.510.436-51,benicio62@example.net,feminino,29,684.2890932380564,False,,7.722297554984431,8.52546894410595,6.995502763604572
Ana Vitória Sales,018.439.562-33,isabellanascimento@example.com,feminino,23,651.3518268001326,False,,6.46544381026986,6.5036003215233,8.807467436576932
Igor Souza,961.483.257-64,luigirocha@example.org,masculino,21,647.0214677584163,True,4.0,5.425421920899229,,
Melissa Alves,214.780.653-62,otavioda-rosa@example.com,feminino,24,776.4546423341744,True,6.0,5.765922256086624,9.624559902606741,8.69134778807453
Pedro Lucas Moura,597.162.384-28,raul76@example.org,masculino,19,743.825556722698,False,,6.602058400535416,6.63492497893909,5.676866462099241
João Pedro Cardoso,657.190.248-67,luanamendes@example.org,masculino,18,672.0408119979113,False,,8.416493513250446,6.094730116521252,7.991702598558795
Maria Julia Pereira,201.985.347-79,rodrigo03@example.org,feminino,22,647.3520969509829,True,2.0,,,
Miguel da Mata,716.820.593-59,kda-paz@example.com,masculino,24,672.4037137808776,False,,7.456025812884956,5.269530821534306,5.712413823999069
Rebeca Mendes,406.281.975-94,zmoura@example.net,feminino,28,792.2247910770304,True,9.0,7.803996603649374,9.039386378465151,8.283695365265551
Nicole Rodrigues,651.872.094-85,thiagoduarte@example.net,feminino,28,744.4263874959606,False,,6.365352104906728,8.8634964552743,9.724067328389552
Ana Vitória Castro,924.130.786-22,mda-mata@example.net,feminino,24,690.6022359228987,False,,6.127254582736579,8.536232779779876,8.568735334406345
Lucas Gabriel Mendes,604.159.382-60,oda-cunha@example.org,masculino,20,753.1336630503226,False,,8.555695806117617,8.537841711791716,7.339462609501611
Lorena Gonçalves,918.736.542-19,kaique51@example.com,feminino,22,679.4854515993437,False,,8.361494946443683,6.951582661960765,8.714270005586041
Sofia Silveira,516.429.308-06,cardosolavinia@example.org,feminino,25,761.8150431127584,False,,7.534381248552209,9.856962577646648,9.271971592280439
Milena da Conceição,962.805.374-47,zbarros@example.org,feminino,24,744.2597969688463,False,,9.530078081516432,8.829131627255048,8.64535509918747
Nicolas Pinto,095.321.478-88,novaesmelissa@example.net,masculino,23,736.8666899254875,False,,8.375229608333246,5.082267474487148,7.603532680223551
Emilly Rocha,430.815.297-60,maria-juliasantos@example.org,feminino,29,641.6673790551105,True,4.0,6.214549955775983,,
Theo Monteiro,423.750.961-34,kfogaca@example.org,masculino,29,667.5010252012308,False,,8.13389957931551,9.675221444120634,8.605280309444758
Dra. Rafaela Mendes,638.257.149-00,bernardo34@example.net,feminino,24,785.8136533716068,False,,6.413550702796479,7.588525842239759,6.706615562335148
Raquel Pires,917.586.423-19,moraessophia@example.org,feminino,29,701.9661484278167,True,3.0,6.901361972456851,,
Luna Costa,842.617.395-00,arthur34@example.com,feminino,29,798.6113622588377,False,,8.64754993775475,5.2122885322634485,9.036503688460375
Miguel Dias,780.265.341-07,qcarvalho@example.com,masculino,25,761.0800239510213,True,3.0,7.705655704873162,,
Anthony Rodrigues,230.154.689-60,clarice77@example.net,masculino,26,681.5912469105294,True,2.0,,,
Vitor Hugo Pinto,687.359.410-57,nathangoncalves@example.org,masculino,19,663.897629407528,True,6.0,6.287656050385354,5.926040007909342,5.149665295714309
Isabel Costa,751.362.984-64,isaac06@example.net,feminino,21,674.977975412283,True,9.0,9.732250740012251,7.044086975869116,9.90515236040576
Paulo Costa,630.914.278-03,lunanovaes@example.net,masculino,21,750.5500101734973,True,4.0,5.215717411692531,,
Davi Castro,286.157.409-76,brunoduarte@example.org,masculino,20,726.4924801082622,True,3.0,6.891209005621213,,
Maria Araújo,637.582.194-00,das-nevesnicolas@example.com,feminino,29,662.4435459701074,False,,7.521014934357192,7.570703962035471,9.479305462270968
Srta. Olivia Teixeira,354.917.682-19,luanacarvalho@example.com,feminino,24,734.0250621096527,True,3.0,7.662765674723219,,
Gabriel Fogaça,930.541.267-06,maysavieira@example.org,masculino,20,748.6774395174943,True,7.0,5.583855577642125,6.076367901461451,5.484030821209332
Pedro Henrique Peixoto,814.690.753-93,yurinascimento@example.com,masculino,25,707.9811322991467,True,9.0,7.305740672875318,8.084709548781362,6.340462618551058
Isaac Ribeiro,532.641.780-44,rsantos@example.net,masculino,19,771.8234522327766,False,,5.4272316412068475,6.458963095637182,9.103524891083634
Joaquim Cavalcanti,957.631.042-34,vitor-gabrielda-costa@example.net,masculino,19,707.796967216218,True,6.0,9.121751052883566,9.26809209170855,6.253644380131075
Clarice Costela,582.697.130-40,evelyn21@example.com,feminino,29,658.0519446699604,True,4.0,9.190062235061795,,
Joaquim Carvalho,739.068.542-56,lmoreira@example.com,masculino,22,712.3959170615193,True,9.0,6.707913993847216,9.661914932818627,8.225448268092979
Alana Santos,691.273.804-40,uoliveira@example.com,feminino,27,654.8317731564247,True,4.0,8.864303361919683,,
Cauê Ferreira,576.314.820-71,giovannafarias@example.net,masculino,29,770.3890182647073,False,,6.450583042487665,7.971098704096173,9.508217958292356
Luiz Otávio Nogueira,156.340.972-07,bryan11@example.net,masculino,23,669.5683705647534,False,,9.747675588551237,7.1530765280891275,8.030330930189134
Dra. Agatha Martins,239.051.478-23,da-cunhavitor-gabriel@example.org,feminino,21,731.4555293570235,False,,7.9674529914527215,8.347038504584182,9.094921027492234
Gabrielly Costa,285.169.704-85,melissaferreira@example.com,feminino,21,725.6209049021014,False,,7.091354384719593,7.307396303566409,5.791811826858557
Ana Beatriz Alves,259.618.037-59,valentina78@example.net,feminino,18,717.1746881988528,False,,8.251043418004283,5.669610586354183,5.393048995518132
Sr. Rodrigo da Cruz,258.104.769-02,diegoda-paz@example.org,masculino,25,749.2605952137834,True,7.0,8.935392904672234,7.118218407423225,5.706011906768423
Maria Cecília Viana,518.293.746-64,hsouza@example.com,feminino,20,664.6620940063601,True,8.0,7.908052290217613,5.978052261722363,9.337223747847506
Eduardo Araújo,946.032.751-61,nina88@example.net,masculino,24,696.7640276513222,True,6.0,9.370006153096401,9.508066058520278,5.863267634682437
Dr. Anthony Lopes,715.938.420-23,lopescatarina@example.org,masculino,25,645.826185739549,False,,6.8273090080201975,7.198938144472301,7.424165258186993
Guilherme Campos,650.183.247-08,fernando95@example.com,masculino,19,765.5929271876414,False,,6.532219675662956,9.25560148208712,5.56533891648234
Marcela Novaes,812.340.965-60,da-costaana-julia@example.net,feminino,29,770.9455328023562,False,,7.488070186385869,9.311112498508633,9.30810233651724
Natália Freitas,476.259.310-99,gabriellyferreira@example.net,feminino,27,788.2672844134376,False,,7.068946743427317,6.174844977289965,7.215567714327825
João Gabriel Barbosa,790.351.286-21,melopedro-lucas@example.net,masculino,26,733.6801500817271,False,,6.495198963728133,7.497382656353684,6.362357975720644
Gustavo Henrique Costela,024.918.673-03,jviana@example.org,masculino,29,646.3833251966646,False,,7.486309006242813,6.06913163910229,7.233685481934252
Augusto da Cunha,237.914.086-31,ribeirogustavo@example.com,masculino,27,664.5192338579359,True,8.0,6.00853885883091,6.883313260458193,9.71441693629383
Luigi Ferreira,936.820.154-42,alicia07@example.org,masculino,23,690.3983690573764,False,,5.4417701809048005,6.795983549669905,9.089533728494803
Sra. Bianca Cardoso,436.190.587-84,maysafernandes@example.com,feminino,24,643.9881378123403,False,,8.045683906640466,6.0611083848990175,9.908906410462903
Murilo Pinto,613.702.948-40,nascimentojoao-vitor@example.com,masculino,19,727.4525774672899,False,,9.993761057353487,8.63000443807784,6.953665759155109
Dr. Gabriel da Rosa,723.148.596-00,helena92@example.net,masculino,21,746.0323265738265,False,,7.196560879997509,5.858943353030349,5.416426810641691
Olivia Fogaça,568.709.234-00,maria-fernanda93@example.com,feminino,23,706.5746922554536,True,8.0,8.96538371186761,5.805093865083389,9.700288649535388
Sr. Alexandre Costela,547.869.230-10,otavio69@example.com,masculino,26,767.9920524754012,False,,6.622595129794944,7.172974314942557,7.712938277699498
Nicolas Pinto,392.746.108-31,nalves@example.net,masculino,25,709.7822412947783,True,5.0,7.616311783460372,9.082039920816776,
Marcos Vinicius Araújo,492.316.807-22,benjaminlopes@example.net,masculino,25,736.8948413954259,True,1.0,,,
Sr. João Miguel da Mata,681.097.345-10,jbarros@example.com,masculino,25,689.9515600533821,True,3.0,6.686782447541535,,
Erick Vieira,784.902.163-04,costabenicio@example.org,masculino,29,761.1408582874412,False,,5.714322561975089,7.6881178291850825,9.286689409612467
Agatha Ramos,742.309.185-50,znovaes@example.com,feminino,24,772.2637547199429,True,8.0,8.894651373313653,7.149838244928027,8.4451237937187
Henrique da Conceição,385.297.461-55,isisalves@example.net,masculino,18,779.6837641791927,True,1.0,,,
Dr. Paulo Rocha,416.820.973-31,enzo-gabriel62@example.com,masculino,18,768.4869593663732,False,,8.000747139160902,5.153869505938654,5.441946621158568
Enrico Alves,980.631.745-93,rochaenrico@example.com,masculino,27,686.2542286346834,False,,5.2826640921811325,5.010711420474696,6.675761738947409
Vitória Dias,107.642.895-94,lucas-gabrielfernandes@example.org,feminino,29,706.7035032279864,False,,7.805439628520932,7.986581185339954,5.347194067525426
Lucca da Conceição,692.103.745-25,gsilveira@example.org,masculino,20,722.4962900462788,False,,6.797489314221242,8.030672592631207,7.395280883822895
Davi Silva,623.890.514-05,rda-conceicao@example.org,masculino,18,700.5771916933849,True,3.0,6.842748705480997,,
Nicole Cardoso,650.917.248-85,talmeida@example.net,feminino,22,651.6316382371743,True,5.0,9.392230379979779,7.862143043651027,
Pietro Cunha,537.869.124-91,mcardoso@example.com,masculino,26,755.4560045732749,False,,9.918263295236118,9.974501148965953,7.643356286546192
Yasmin Aragão,504.871.396-66,sophia57@example.com,feminino,24,683.0558109965473,False,,8.503817775550127,6.172925218258421,7.446866918573047
Lucas Gabriel Silva,910.372.584-79,pereirajoao-pedro@example.org,masculino,23,675.2288434308227,True,6.0,7.329270147525967,9.632783074656611,5.92849780155171
Marcos Vinicius Jesus,502.139.748-60,gda-conceicao@example.com,masculino,23,737.4908342179731,False,,9.040192667051057,8.85491162387115,8.744865794995555
Sr. Felipe Araújo,871.035.642-80,usouza@example.org,masculino,20,764.6849089556677,False,,5.031527519279676,6.839855356512519,7.434012440124274
Giovanna Rocha,259.438.067-92,fogacaana-sophia@example.net,feminino,24,789.1593796879931,False,,9.049935929347523,7.638472913643666,8.886333483709269
Raul Melo,489.637.502-56,da-conceicaobryan@example.com,masculino,23,732.2323332963773,False,,7.078131447824168,9.478401640265783,7.192283745037837
Theo Nogueira,724.869.531-91,carolina83@example.net,masculino,21,680.1497556481135,True,4.0,6.2631880494035785,,
Vinicius Moreira,081.679.534-75,renandas-neves@example.org,masculino,28,771.9495358728656,True,5.0,7.29748184790245,5.833724720365618,
Srta. Kamilly Ramos,721.386.054-26,jnovaes@example.org,feminino,20,763.5258762412433,True,1.0,,,
Ana Cunha,398.270.514-23,cardosolarissa@example.org,feminino,29,770.3967531527646,True,9.0,8.234044749929623,9.481166800007166,8.479831005445934
Enzo Mendes,728.435.601-44,thales47@example.com,masculino,26,658.0818472436572,True,5.0,8.04296623268048,6.551895735701272,
Guilherme Moreira,584.216.793-09,lalmeida@example.net,masculino,22,722.5514865004151,False,,5.442619080409777,5.357347063208901,5.151900292110784
Emanuel Duarte,541.628.973-28,ylopes@example.net,masculino,25,670.1854622913849,False,,9.183613251867012,8.418559737585234,5.952821384984585
Emilly Duarte,980.765.412-20,raul69@example.org,feminino,23,704.8384375017453,False,,8.871670107071136,6.138502904036801,7.794833513399329
Sr. Luiz Otávio Azevedo,928.036.475-83,enzocostela@example.com,masculino,28,753.70214648264,True,8.0,7.268229746146536,8.804951814184777,7.613202021352564
Luiz Miguel da Mota,590.812.643-89,fernandopinto@example.org,masculino,26,706.1339819422806,False,,7.40633766673126,8.207268042740916,9.711386781130795
Lucca Vieira,481.390.527-79,cunhamaria-eduarda@example.net,masculino,25,798.0593595358437,True,4.0,5.601865576401728,,
Anthony Moura,345.817.962-37,da-pazvitor@example.net,masculino,23,685.7595241606248,True,8.0,5.6974505790382395,7.001906958383361,7.147987778734118
Pedro Henrique Nogueira,197.852.046-85,leticia44@example.net,masculino,24,671.8659077970312,False,,6.2437589336260135,9.28751096942451,7.428693574087821
Gabriel Farias,098.432.751-79,sabrina65@example.com,masculino,26,688.1087721153721,False,,6.3117930635984045,7.095334537525117,8.73563668968995
Larissa Souza,947.630.528-29,raulgomes@example.net,feminino,26,751.834036377026,True,8.0,9.90818964265957,8.23068411369587,9.322979437483717
Cauê Jesus,534.071.968-57,vitor05@example.net,masculino,21,699.9998858576503,False,,7.950842949592111,9.7232793747759,7.721286643925777
Ana Sophia Duarte,259.763.104-43,mramos@example.org,feminino,25,745.1791503615625,True,1.0,,,
Cauê Santos,812.590.673-86,peixotorafael@example.org,masculino,29,708.9372635058193,True,5.0,5.290060568207231,9.304549626252665,
Ana Beatriz Moraes,271.094.835-41,maria-juliamoura@example.org,feminino,23,784.8633657094175,False,,8.679388231957716,5.064687931459975,7.159839297313808
Francisco Carvalho,489.531.207-05,qoliveira@example.net,masculino,21,665.8375733273142,False,,6.236906513343088,7.057194336269327,6.216444938130241
Cecília Aragão,684.079.235-83,thomasnascimento@example.com,feminino,24,687.0673160782686,True,2.0,,,
Kamilly Rezende,013.249.785-97,duartemaria-julia@example.net,feminino,22,764.3903355903518,True,2.0,,,
Alana da Mata,579.230.641-99,icastro@example.net,feminino,28,698.6174968439027,False,,5.827575012082242,8.354961385708663,9.701097305968926
Enzo Cavalcanti,607.519.832-68,isabelly84@example.org,masculino,20,708.5090816077482,False,,8.298467364414034,5.306470683329894,5.464488744618327
Dr. Murilo Cardoso,528.910.647-20,zgoncalves@example.com,masculino,28,714.9215727793048,True,8.0,9.372888698243177,9.611008037801055,6.354154839587767
Leandro Moraes,468.153.290-89,pda-mota@example.com,masculino,19,735.4137912749214,True,9.0,5.286481374606407,8.535592284723972,5.830678360679236
Kevin da Rocha,847.362.915-91,ribeirojulia@example.com,masculino,24,711.4597985200891,False,,8.560673458126068,6.722251374582086,5.708907934549437
André da Rosa,712.064.539-07,thomascardoso@example.com,masculino,24,700.1824992411987,True,2.0,,,
Gabriela Monteiro,285.396.107-95,hnunes@example.org,feminino,25,748.1750381138739,True,3.0,5.727943645646628,,
Lara Barros,197.236.485-55,da-pazdanilo@example.org,feminino,18,726.8065116427655,True,2.0,,,
Pedro Miguel Vieira,140.582.793-97,guilhermesantos@example.net,masculino,20,751.3994933574401,True,3.0,5.7956156444367215,,
Elisa Costa,052.839.167-40,jesusian@example.org,feminino,29,773.0391298896571,False,,9.61887165763425,5.40867710135338,5.5479471856957945
Vitor Gabriel Rezende,807.132.946-04,portoalexandre@example.com,masculino,21,715.092870091006,True,9.0,5.887025244787704,5.936661017898663,8.075894682219632
Lucas Gabriel Correia,154.296.073-80,danielferreira@example.com,masculino,23,713.4007060878076,False,,8.419454871116052,6.269765476973844,5.9505968537197225
Gustavo Cardoso,326.185.904-06,cecilia52@example.net,masculino,20,717.3247402058063,True,4.0,8.86416194515614,,
João Lucas Rodrigues,316.092.457-25,barbara86@example.com,masculino,29,714.0372377697131,False,,6.263253671487976,7.578361489025385,9.06312557813816
Isabelly da Cunha,632.847.019-31,luna31@example.net,feminino,20,679.3993341579344,False,,5.626466617378375,7.92497644165258,5.652516601291894
Miguel Pires,506.834.972-00,kevinnogueira@example.org,masculino,18,643.9123781291581,False,,5.462054416075304,8.591737315192812,6.594771524447431
Nicolas Azevedo,462.970.513-99,nascimentojoana@example.org,masculino,29,683.4217885747453,False,,7.591331883452882,8.826945465388985,9.710084548679541
Anthony Mendes,672.951.384-55,felipe70@example.org,masculino,22,680.542394542936,False,,9.97525066408554,8.83019842115123,6.996933665885521
Pietro da Cruz,185.723.649-19,cauafreitas@example.com,masculino,18,791.1502599933403,False,,5.190283055974541,5.862191048047833,9.652018328471835
Valentina Barbosa,152.386.479-64,yasmin70@example.com,feminino,18,647.9395485452914,True,8.0,9.46600007435271,8.052130387816804,8.13109893096157
Kamilly Cardoso,912.675.803-21,otavio68@example.com,feminino,29,687.5804210796471,False,,5.804343326560306,5.441718017429226,8.003280444029182
Luiz Miguel Pinto,087.639.412-87,maysada-rocha@example.com,masculino,22,723.4185224924483,True,9.0,5.062691044810859,6.1124755197645735,8.585761795863405
Dra. Ana Laura Cardoso,491.583.207-41,levisilveira@example.org,feminino,28,756.845430936613,True,3.0,8.145378904830535,,
Marcela Sales,419.386.702-13,miguel72@example.com,feminino,28,732.0183620899718,True,7.0,9.528169103417707,7.014836196487384,5.665632205363839
Miguel Costela,216.547.308-07,icardoso@example.com,masculino,24,687.9914755422856,False,,9.46115555044673,7.243220883131674,9.326665191290154
Ana Luiza Castro,689.752.430-10,thiagoduarte@example.com,feminino,25,728.1958565306685,True,7.0,7.051263043662058,9.22661481410428,7.105986383292141
Isis Freitas,936.820.157-95,qsales@example.org,feminino,19,766.2252790861842,True,8.0,8.529263210497565,9.609004112527966,6.45279825207695
Sofia da Mata,369.248.751-73,lda-luz@example.org,feminino,24,695.4262720091034,False,,9.50016910120268,7.679209240405399,9.925073147757622
Ana Carolina Almeida,816.250.974-76,uaragao@example.com,feminino,20,666.6383564182299,False,,7.3662572062322695,7.681457035972246,9.283782699339376
Emanuelly Moraes,178.903.526-03,toliveira@example.com,feminino,20,753.8185970291984,False,,6.092437941916445,5.795027772648718,8.251483675509688
Mariana Dias,052.367.819-30,ufernandes@example.com,feminino,19,781.2012468792698,True,9.0,8.990472579135671,8.820915170049902,7.588140106780233
Fernando da Rosa,693.570.182-12,bianca68@example.org,masculino,26,776.4913648237059,False,,8.093890255416737,8.257719837508537,8.694906446088638
Sophie Cavalcanti,598.671.304-48,aragaoeloah@example.org,feminino,24,768.6897199178212,False,,9.367834943847182,8.341530727874876,8.662452537769902
Srta. Maria Fernanda Costa,062.578.439-10,rgoncalves@example.com,feminino,20,785.0364192056385,True,2.0,,,
Sra. Clara Alves,486.123.579-00,wrodrigues@example.com,feminino,21,671.8368809123058,False,,5.783948477852868,5.179348643387852,9.409475098062863
Isabel Ramos,013.429.876-40,nogueiraeloah@example.org,feminino,25,788.4395175327991,False,,5.067612937604451,8.810235465908,6.261183163775528
Cecília Porto,829.704.531-50,luiz-gustavo21@example.com,feminino,18,662.5207194097682,True,1.0,,,
Júlia Viana,453.621.879-37,vitor-hugomelo@example.com,feminino,21,764.0905408842133,False,,9.977435680264628,5.303921932487034,9.687761520353781
Dr. Thomas Silva,574.906.328-38,loliveira@example.org,masculino,23,748.825917825201,False,,5.346277677243581,6.425666556437002,9.18868246008327
Isaac Ramos,967.852.314-00,ycavalcanti@example.org,masculino,23,662.2750653540996,False,,7.909860323168523,9.1025797390013,6.831919748026826
Enrico Freitas,215.947.806-76,juliamoraes@example.net,masculino,23,762.7362526895968,True,9.0,5.0409254175799125,9.286612076839155,5.680259471425754
Sr. Rafael da Conceição,315.976.420-61,augustoferreira@example.net,masculino,24,699.316331867067,False,,5.672844048210432,7.927840402547606,7.879081295914608
Maria Luiza Oliveira,670.345.192-34,holiveira@example.com,feminino,22,718.2020316859213,True,2.0,,,
Isabella Oliveira,829.410.375-60,yasmin63@example.net,feminino,27,685.5584212977677,True,6.0,8.799581981562756,7.579045240833403,9.37362020056801
Raquel Araújo,687.902.135-21,carolina41@example.com,feminino,24,656.3562064053705,False,,8.407174978412609,9.150115039926131,9.692427930199107
Guilherme Castro,197.368.402-04,ncostela@example.com,masculino,24,736.8621086625451,True,8.0,8.825483877608981,5.399875101653115,7.004921458672172
Lorenzo Pinto,692.530.478-10,yfreitas@example.com,masculino,18,723.3538871206615,True,9.0,6.706345715265889,6.428463507635566,6.2211558424346425
Otávio das Neves,706.548.312-62,julia42@example.com,masculino,22,692.5949050292029,True,1.0,,,
Fernanda Campos,398.460.127-13,castrocarolina@example.com,feminino,25,786.2677884747716,False,,8.66860849820522,6.917437050961598,9.885146395011699
Camila Peixoto,359.728.104-41,mouraesther@example.net,feminino,20,642.3847400748269,True,6.0,6.118368112441403,6.302505692826382,7.592340256416163
Eduarda da Cruz,769.583.140-93,vieiraaugusto@example.net,feminino,19,797.2453139544551,True,1.0,,,
Dr. Carlos Eduardo Viana,594.712.063-16,gomeskevin@example.net,masculino,24,730.5700753432095,True,9.0,6.941291369953648,8.041985789490768,8.28643177337134
Isabel Cardoso,124.693.785-91,mendesrodrigo@example.org,feminino,20,718.1446452910752,False,,9.78859039245858,7.802293925974878,8.73607672872875
Benjamin da Mota,681.432.095-98,fernanda55@example.net,masculino,29,647.8621172201097,False,,8.972517794593728,7.770312055826978,8.573556400525806
Juan Vieira,981.752.036-68,varaujo@example.com,masculino,24,667.083049942146,False,,5.40087010020189,9.558212623455784,5.595162742062885
Kevin Moreira,542.817.639-37,mdias@example.com,masculino,20,694.4363115639306,False,,5.537695394895049,5.2629198630498415,5.202871629198065
Thomas Mendes,675.241.093-34,dda-luz@example.com,masculino,29,778.9110918132402,True,5.0,9.745640521437238,7.223083765463244,
Thiago da Mota,295.743.168-82,lorena57@example.org,masculino,19,727.3438253938384,True,5.0,9.761379420501747,6.583458028613872,
Lavínia das Neves,974.258.630-65,joaquim13@example.org,feminino,23,705.0609153701874,True,1.0,,,
Helena da Conceição,247.916.358-09,raul83@example.org,feminino,28,740.3323137609427,True,1.0,,,
Vitor Hugo da Cunha,498.631.502-15,araujojuliana@example.net,masculino,19,795.9814333869483,True,9.0,5.141942238560205,8.971957617655871,9.877557909692335
Vitor Hugo Pires,356.481.029-33,manuela83@example.org,masculino,28,715.7013387368005,False,,9.87213030483285,8.368192375942455,8.80096925816293
Dr. Anthony Viana,760.321.498-03,cavalcantilarissa@example.com,masculino,24,789.7832486906182,False,,5.208708356130995,7.9513113093984735,8.246950538180823
Emanuelly Nogueira,194.680.537-84,emanuellynogueira@example.com,feminino,19,732.1512045005902,True,4.0,6.591209953701574,,
Catarina Moreira,874.236.109-50,levida-cunha@example.org,feminino,23,795.2751633945193,False,,5.554226037133441,8.995081734965627,5.452756281372496
Luna Gonçalves,134.675.092-07,danielaoliveira@example.com,feminino,19,726.9856332790957,False,,6.163742466774349,9.526672204038356,7.869009326285629
João Pereira,154.829.630-98,lgoncalves@example.net,masculino,23,649.7604795772666,True,2.0,,,
Sophia Barbosa,025.718.346-90,alicia44@example.org,feminino,27,799.8426870369865,True,1.0,,,
Maria Fernanda Vieira,627.045.813-71,ryan12@example.org,feminino,25,720.7976645803258,False,,9.448557445628545,8.371632502182997,8.959505559810072
Fernanda Nascimento,439.650.781-00,santospaulo@example.com,feminino,24,728.1814597654521,True,3.0,5.283495057992538,,
Maysa da Mata,815.492.067-02,lucas66@example.org,feminino,18,709.1534660114872,True,1.0,,,
João Lucas Melo,457.126.308-26,moreirarenan@example.com,masculino,19,781.904445986372,False,,9.790922138583635,6.046555904369901,5.382280958166609
Alexia Farias,281.067.549-01,raquel52@example.org,feminino,22,772.7435116445276,True,5.0,8.07208153571997,7.1196901906470735,
Julia Araújo,129.804.673-40,rodriguescalebe@example.org,feminino,29,792.6581594875634,False,,7.156726952541477,8.194139993242647,8.623991931911206
Agatha Azevedo,413.682.957-46,carolina25@example.com,feminino,18,695.64550158912,True,8.0,9.923055108096182,7.049157877867931,7.63187855149509
Enzo Gabriel Correia,983.617.052-95,das-neveskevin@example.net,masculino,21,720.9526799601933,True,8.0,6.213069778400148,8.78856252550727,5.926013663568678
Maria Cecília Ferreira,648.973.502-47,calebepereira@example.net,feminino,21,641.6881480224482,False,,5.503687132270175,6.5615403789928655,6.655076267772909
Marcela Novaes,358.419.260-98,camilapeixoto@example.com,feminino,20,661.9698865199941,False,,7.515659061335126,6.904000505357213,6.188054382618171
Maria Alice Lima,619.057.432-70,sophia76@example.com,feminino,29,797.2008835547618,False,,9.59860851664504,9.367277983667112,6.040078975355855
Laura Cavalcanti,175.639.482-28,alicia81@example.org,feminino,26,743.7414836418956,True,8.0,5.159763282677637,5.870460172746911,8.21893903840872
Esther Pires,608.124.573-07,anthony31@example.com,feminino,21,662.4709556888312,True,6.0,9.550044761559725,9.3640515576054,9.146976930356654
Enrico Teixeira,163.849.205-06,erick85@example.com,masculino,22,708.9824735056955,False,,5.246898318370693,9.742539869677628,7.429644101301854
Isadora Azevedo,631.589.427-55,xcarvalho@example.net,feminino,23,724.7734028706988,False,,5.859750962425584,8.693178288344425,7.529835810137719
Daniela da Mata,287.634.951-55,joao-lucas11@example.com,feminino,24,762.8396451831982,True,9.0,6.667290590335126,6.994373268849488,7.9549402123740585
Ana Lívia da Cruz,241.679.038-22,catarinabarros@example.org,feminino,20,785.59571487423,False,,9.474154696921323,9.109229934390637,7.542002577055554
Srta. Maria Julia da Rosa,290.481.756-58,da-conceicaoolivia@example.org,feminino,22,650.5408150813445,True,3.0,5.942236763002114,,
André Moraes,195.230.487-32,vitor-gabrielnascimento@example.org,masculino,25,728.5649525625602,False,,7.812692091677405,5.882460860358155,7.697058010403085
Melissa Novaes,809.531.462-51,vitorianascimento@example.com,feminino,28,671.7417161759845,False,,6.505675662762474,5.61055199643491,8.809465300610446
Laís Melo,864.210.375-26,ferreiraluna@example.net,feminino,25,669.9723093862737,True,4.0,5.491471903322241,,
Dr. Pedro Barbosa,246.087.931-87,igomes@example.net,masculino,19,672.6061449136097,False,,8.425967711455886,7.385445656780053,7.694087729568736
Nina Souza,042.576.893-74,ijesus@example.org,feminino,28,701.2115542931969,False,,9.413965336875627,6.1678845586178,6.197831845140834
Miguel Ferreira,961.023.548-42,da-pazbenicio@example.org,masculino,26,719.104872924577,False,,6.612709118250402,6.150692166979064,9.30141675847477
Mirella Rodrigues,349.256.710-06,orodrigues@example.org,feminino,23,784.2154320519132,True,5.0,5.713188199616428,9.862530524499181,
Sarah Silva,258.610.934-15,kaiquealves@example.org,feminino,21,669.0602132922868,False,,8.79281004316309,9.383057409838896,6.206467396490986
Eduarda Ribeiro,051.274.983-32,nicolesilveira@example.org,feminino,22,690.2784478198096,True,3.0,9.697388241061262,,
Clara Pires,027.194.586-94,caroline32@example.net,feminino,26,643.4508889422453,False,,5.1896147135379165,8.539773186838687,7.613233347682653
Dr. Erick Lima,416.980.725-11,gabrielarocha@example.net,masculino,27,752.4528802870877,True,7.0,7.806122684482165,8.14828004726591,6.006655614688217
Gustavo Henrique Moura,746.530.829-10,silveiralorenzo@example.com,masculino,29,754.9718888578362,False,,7.173700707768679,6.865231831290709,5.563861640936257
Levi Ramos,648.032.715-26,da-rosalarissa@example.org,masculino,21,754.4013355679576,False,,8.421207441692411,5.553123929718345,7.074495429943462
Pedro Henrique Azevedo,570.893.412-32,carvalhodiego@example.net,masculino,18,715.2485707967695,False,,6.935986150917894,8.241889690434162,6.167086951275159
Luiz Fernando da Luz,975.841.260-49,juliamoreira@example.com,masculino,22,743.92368184041,False,,9.246111814984712,7.2361737289547845,6.67006167181612
Danilo Nascimento,429.316.057-43,cnascimento@example.org,masculino,24,705.9097805159868,False,,6.25807301517005,5.319993629968922,8.021289333252732
Benício Freitas,406.785.291-67,vpereira@example.com,masculino,18,657.9289932036739,False,,9.30837220163803,8.63350014845912,5.543592520512953
Theo Vieira,870.294.561-49,da-rochapietro@example.net,masculino,23,785.6465505192665,True,8.0,6.373473110724647,5.773556347306062,6.603308466531848
Eduardo Campos,251.640.389-51,mda-rosa@example.org,masculino,27,654.6584935314536,True,1.0,,,
Pedro Henrique Vieira,048.612.397-96,mmendes@example.org,masculino,23,767.5275717998768,True,9.0,9.682982932930711,7.833304618405229,8.132936389380895
Letícia Teixeira,473.981.052-23,eduardo69@example.com,feminino,19,729.9687006115183,False,,6.244476218331959,9.139216053322643,8.45653850572976
Luiz Otávio Duarte,791.605.832-40,caio88@example.org,masculino,18,679.4975532154997,True,4.0,9.005226130937373,,
Thales Carvalho,531.076.489-57,gomescaue@example.net,masculino,22,764.9652966855217,False,,7.6012338844843566,6.475869729716938,6.1188425836353835
Lucas Moreira,945.167.032-70,da-rochacarlos-eduardo@example.net,masculino,23,649.9785387934262,True,6.0,9.335769093644767,5.81104921295935,5.899873476479734
Bárbara Duarte,854.619.723-73,danilogoncalves@example.org,feminino,26,682.4061009766481,True,2.0,,,
Ana Moreira,195.823.640-33,kamilly73@example.com,feminino,18,796.570940904525,False,,7.543044085359982,5.864124594906237,7.895068257631732
Lívia Viana,487.650.231-53,das-nevesraquel@example.org,feminino,28,695.2210033749708,False,,5.134195887676603,7.301997460160767,8.855476951956987
Vitor Gabriel da Luz,785.642.130-44,marcelo48@example.org,masculino,19,796.5855086284766,False,,7.884676976105112,7.434384281815229,8.010376135718154
Srta. Maria Fernanda Azevedo,824.150.367-90,leticia25@example.org,feminino,26,736.6754069724508,True,5.0,6.323939448842631,8.225040459726724,
Dra. Nicole Silveira,489.635.701-93,vieiradaniel@example.net,feminino,29,698.4872191220974,True,9.0,7.54057271288476,9.555126605256843,8.360052245999672
Júlia Gonçalves,186.709.234-40,vitoriafarias@example.org,feminino,20,665.7396466458666,False,,8.748638216077468,9.969957963943598,7.873464035577166
Henrique Pereira,795.346.801-84,hnascimento@example.net,masculino,19,653.5252783203913,False,,8.23890804656268,8.362319831154867,7.506974866760189
Sra. Maria Fernanda Moraes,894.637.215-09,nogueirajuan@example.org,feminino,18,726.5042858510683,False,,8.83178035242732,6.860076890431387,6.200910883420475
Ana Vitória Farias,058.724.916-11,zpinto@example.com,feminino,23,741.9151909910189,True,2.0,,,
Dra. Luiza Castro,273.684.509-92,calebesantos@example.org,feminino,24,764.1589929798877,False,,7.364520314441831,7.995532880126727,9.254247952165624
Joaquim Rezende,968.037.512-95,levi10@example.com,masculino,20,755.1315440555578,True,3.0,5.343478547230875,,
Sabrina Castro,659.813.420-05,bernardo12@example.net,feminino,19,647.419074561453,False,,6.713433858567516,6.0042538841647755,7.960101385601268
Maria Cecília Cavalcanti,973.852.014-23,caua45@example.net,feminino,18,689.5244908586166,False,,8.22414529301133,5.78864010211383,7.626682918325194
Sabrina Moraes,489.701.362-31,melolorenzo@example.org,feminino,28,702.7116517470051,True,1.0,,,
Joana da Cunha,394.867.152-46,bgomes@example.org,feminino,21,754.1847378792111,True,6.0,7.462711030530386,9.074447216757196,5.766763189967891
Laís Sales,913.870.624-50,costelapedro-lucas@example.net,feminino,20,692.6244362389638,True,5.0,8.617189036287769,6.460529518899207,
Ana Julia Alves,274.036.958-10,paulo94@example.com,feminino,25,679.1988328647805,False,,6.669030887806453,9.803944054122173,6.778048463815779
Diego Araújo,489.076.213-22,costelanicolas@example.com,masculino,18,779.4651339172168,True,3.0,7.157262805761498,,
Vitor Sales,308.954.762-74,cavalcantimirella@example.com,masculino,23,716.1624747634216,False,,9.174905906364412,6.452998726754375,9.638646468002925
Gabriel Rocha,659.730.128-59,ana-sophiada-cruz@example.com,masculino,24,767.8775710471227,False,,5.381141211531594,8.105493939374096,9.118843227268428
Catarina Jesus,482.570.361-53,vitoriacardoso@example.com,feminino,21,773.3714956459273,True,9.0,6.756550164654331,7.572967108629737,8.324623122456483
Mariana Nogueira,431.698.507-84,hda-luz@example.org,feminino,20,711.6341024949335,False,,6.233411006529618,5.226982334932665,6.428798154111977
Sophia da Paz,869.174.032-96,murilosantos@example.net,feminino,24,798.795921784562,False,,7.8581716322644946,6.686983585106079,8.368005633642639
Alana da Rosa,725.083.146-17,carolinamoreira@example.com,feminino,18,765.9070451201601,True,8.0,8.665599503527025,6.531945298909944,8.062552974639711
Vitor Gabriel Lima,175.926.083-59,otaviopires@example.com,masculino,28,644.8455717029185,False,,6.242639766003403,6.9130934060227744,9.069026707638393
Sra. Maitê Alves,820.394.175-32,vitoria08@example.org,feminino,22,797.6150579392896,True,4.0,5.353344367024825,,
Thomas Moura,153.269.480-60,vcaldeira@example.net,masculino,21,775.3099714340404,True,5.0,7.938758719750305,8.226011071759931,
Diogo Jesus,364.751.209-52,drezende@example.org,masculino,18,764.5410100034543,True,4.0,5.9196110444761025,,
Luiza Souza,057.492.863-47,lorenzopeixoto@example.org,feminino,29,768.9805346053416,True,1.0,,,
Emanuelly Freitas,450.321.967-70,manuelalopes@example.org,feminino,29,799.4153028598193,False,,5.6130878267853905,9.07240770862859,6.888763807587015
Rafael Cunha,415.289.730-97,dlima@example.net,masculino,27,689.027007458199,True,6.0,8.801149952599628,6.249271380745297,6.1312472737543935
Fernanda Viana,365.971.480-10,cardosoanthony@example.com,feminino,23,668.6908838035205,False,,6.113422931870536,6.368507056627717,7.019050485227929
Gustavo Henrique Campos,485.237.910-60,portonathan@example.net,masculino,27,684.1271054780624,True,2.0,,,
Sr. Nathan da Mata,649.083.571-10,nsouza@example.com,masculino,29,647.3677131878711,True,3.0,7.953723152513451,,
Helena das Neves,563.274.980-00,marinacarvalho@example.org,feminino,24,759.2750836761697,False,,5.8942140352375905,8.446364367594382,6.4106563696084775
Elisa Nogueira,084.765.193-20,ida-cruz@example.org,feminino,26,715.8039617033238,False,,7.5380676589375035,5.9780408811119,9.489574628993331
Maria Eduarda da Costa,948.710.652-94,rochaeduarda@example.net,feminino,27,738.7111976999759,False,,9.600340997798115,9.607010307975335,7.667275455191994
Francisco Pereira,489.203.576-92,nbarbosa@example.net,masculino,19,778.0725548119105,True,7.0,5.602148590804659,9.08393697505839,6.088011268300112
Davi Lucas Silva,847.612.903-31,da-cunhaenzo-gabriel@example.com,masculino,19,691.8665803275233,True,8.0,5.624312325932138,5.525141549569827,5.8230624500690125
Pietra Cardoso,340.281.765-90,hmartins@example.net,feminino,26,713.2446356526369,False,,6.977412260033104,6.667856852296211,9.353723991063436
Stephany Alves,071.842.396-87,zda-luz@example.com,feminino,25,684.854082918941,False,,8.85380794919336,6.532908109991196,9.986146559079703
Sra. Maria Sophia Carvalho,680.517.293-40,maria-clara11@example.org,feminino,20,715.5119183805726,True,2.0,,,
Pedro Lucas da Rocha,190.346.582-60,ana-luiza67@example.org,masculino,21,782.6694322818937,True,9.0,7.364160580068939,8.802147246822527,8.578681690860126
Clarice da Cunha,693.240.185-15,gda-rosa@example.net,feminino,28,790.5180254633522,True,3.0,9.536875426382682,,
Henrique Gomes,138.670.524-17,qpires@example.net,masculino,24,767.7999266894924,True,1.0,,,
João Guilherme Jesus,471.026.583-62,alicia31@example.com,masculino,20,677.1744354894745,True,9.0,6.506563418510688,6.366159657140834,7.926794969651155
Laís Sales,671.894.520-01,emanuellada-rosa@example.net,feminino,22,702.6344407507333,True,6.0,9.156666177853442,8.725796986850447,8.801991895627735
Cauã Cardoso,417.985.632-82,luna20@example.com,masculino,26,685.549771074569,True,2.0,,,
Marcelo da Conceição,037.152.468-71,lucas03@example.org,masculino,24,779.0810116489321,True,9.0,8.383978646735558,8.323823043255352,9.793739877882487
Maria Vitória Ribeiro,134.695.827-00,ana-carolina34@example.org,feminino,27,757.7032517245684,True,5.0,8.28509350122949,5.444695048609835,
João Gabriel Silveira,940.327.581-23,brenojesus@example.com,masculino,18,772.3933218994026,True,9.0,8.116592842058475,6.8028493800314465,6.078990042059968
Felipe Peixoto,681.549.203-60,thomascardoso@example.net,masculino,22,699.1300557069965,False,,8.44246399521136,8.062327647314294,6.102326514742352
Rafael Alves,925.718.640-76,renanda-mata@example.net,masculino,24,775.4111166460161,False,,9.01807873795498,8.147473734065969,9.864044587358125
Fernanda Cardoso,513.469.270-06,ada-mata@example.org,feminino,24,686.0793127460825,True,7.0,7.194858606583466,6.726906691840777,7.754057516908716
Alexia Moura,894.672.315-73,joao-felipe28@example.org,feminino,20,710.1375285660914,True,3.0,5.443434873921438,,
Helena Jesus,647.310.582-44,claranunes@example.net,feminino,23,657.3953804670439,True,3.0,9.84228064479216,,
Otávio Araújo,735.610.982-40,qcunha@example.com,masculino,26,724.2307619654728,False,,6.318375176849064,5.54337413732169,9.431125010603271
Nina da Costa,349.615.782-82,rezendeisabel@example.org,feminino,18,782.1091850484503,True,7.0,5.28022022102289,8.053522000516967,6.536921328824084
Raul Ramos,304.891.275-41,sazevedo@example.net,masculino,26,786.5191697106322,False,,6.443871834060902,7.177756264237214,8.853688989627457
Dr. Raul Pinto,347.816.905-48,beniciobarros@example.net,masculino,23,687.4037306665217,True,4.0,6.3995625769255025,,
Dr. Henrique da Cruz,092.417.538-97,kcaldeira@example.net,masculino,24,658.7431165598704,True,2.0,,,
Maria Luiza Nascimento,760.198.254-85,sarahsilveira@example.com,feminino,22,742.3287945115505,False,,7.0022908534360715,9.05883050781815,5.5828180172756365
Clara Souza,321.579.864-64,kpinto@example.org,feminino,22,772.7505862795601,False,,8.91417274323429,5.711624958980834,6.714015867932979
Pedro Jesus,897.135.046-66,da-costaraquel@example.org,masculino,29,689.2124424629009,True,8.0,7.822337478774951,9.97052466440664,7.6393529717270905
Milena da Luz,863.190.547-00,calebe79@example.net,feminino,29,701.466982912118,True,1.0,,,
Mariana Lopes,891.067.324-96,igor46@example.org,feminino,20,753.7630595554806,True,9.0,6.9004872711251215,9.672464000217587,9.897771339283898
Dra. Gabrielly da Cruz,816.750.234-17,ocastro@example.org,feminino,19,751.4289330403724,True,4.0,5.922965357608408,,
Ryan Farias,371.649.082-22,voliveira@example.org,masculino,21,680.2882090448535,True,8.0,8.667336800746153,9.07859659074995,7.74999540275354
Isaac Alves,503.289.674-83,alexandreda-luz@example.org,masculino,24,784.9656199499217,False,,9.16445460853885,7.432955246869503,5.427527817459654
Sofia Pires,768.523.019-40,claricerezende@example.org,feminino,20,680.1032939430365,True,8.0,8.63589629999573,6.076848654406292,7.372799851477918
Lara da Luz,935.162.478-19,barbarasantos@example.org,feminino,22,669.5129607983345,True,2.0,,,
Sr. Levi Cunha,576.249.310-52,gomesarthur@example.org,masculino,29,714.456674582736,True,5.0,7.877022627344646,7.345660522602264,
Cauã Silva,452.168.937-09,davi-luizaragao@example.org,masculino,22,725.370377412678,False,,6.588638899563595,6.69703508685099,7.817536257312963
Dra. Mariana da Costa,904.761.283-31,lopesamanda@example.com,feminino,27,709.2036750720847,True,1.0,,,
Pietra Farias,576.490.812-49,zduarte@example.com,feminino,29,712.3336782204087,False,,7.964851485330447,9.110449559392524,5.12569484893855
Yasmin Duarte,185.627.904-94,pedro-miguel18@example.org,feminino,20,660.7241894536625,True,2.0,,,
Juan Teixeira,023.497.186-03,nicolecastro@example.net,masculino,23,669.6563933510455,False,,6.570682347131144,7.008540528066696,8.939946300841076
Dr. Luiz Henrique Fernandes,684.273.059-74,camposenrico@example.net,masculino,25,770.7389197467483,True,1.0,,,
Luiz Henrique da Cunha,248.916.357-46,das-nevesenzo@example.com,masculino,18,781.9535656475027,True,3.0,9.054112584435519,,
Sr. Rafael Cardoso,296.803.475-83,kamillyazevedo@example.org,masculino,22,725.1821034732878,True,9.0,6.9721044759795365,6.0746211367360035,9.247177796821655
Caroline da Paz,729.165.304-52,diasluiz-otavio@example.net,feminino,26,799.0036985501188,True,1.0,,,
Bernardo Silva,510.693.742-61,vda-costa@example.org,masculino,23,662.6315448936218,True,2.0,,,
Vitor Hugo Santos,873.241.905-88,rezendepedro-lucas@example.org,masculino,22,666.0108545665713,True,4.0,5.426448992768834,,
Paulo Oliveira,509.618.723-30,nda-mota@example.net,masculino,26,642.5587528115312,False,,7.1287766957042695,9.66291551293345,7.994210500468708
Sr. João Gabriel Jesus,189.304.726-13,ada-cunha@example.com,masculino,18,665.5911084751668,True,6.0,9.52194748701719,5.519055571664554,9.066205319706906
Nina Ribeiro,704.192.538-23,maria-sophia59@example.org,feminino,28,667.9591158817751,False,,5.774504319637291,6.931053139241952,5.742276882124372
Sra. Eloah Martins,850.142.697-02,maria-alicebarros@example.net,feminino,29,680.6339970634366,False,,8.006174943853877,5.659298607339463,6.633531289911412
Srta. Bianca Moreira,182.675.490-30,peixotoluiz-felipe@example.com,feminino,19,764.0293905176244,True,3.0,7.9097128403006725,,
Sr. Diogo Barros,420.318.967-50,silveiraemanuel@example.com,masculino,21,649.1327571236775,False,,5.901651757488515,9.83164472509167,9.963473811150042
Gustavo Henrique das Neves,617.354.208-08,cunhavicente@example.com,masculino,22,780.1949781068131,True,7.0,7.645336967636776,7.940543380808181,5.679591338914641
Paulo Ramos,190.745.283-41,snovaes@example.com,masculino,26,744.1699963796341,True,5.0,9.355624167190808,5.14283839491368,
Pedro Henrique Sales,704.623.958-47,santosrafael@example.com,masculino,22,660.4408145354537,False,,6.702499298382026,7.216699176293714,8.694359268661536
Bryan Silva,740.952.631-99,dsouza@example.org,masculino,20,647.5365587630752,False,,8.853621555274138,6.326006245816583,9.200119525689473
Marcela Martins,392.148.670-03,calebe67@example.org,feminino,25,771.9820527503634,False,,6.485181124809257,7.11068250631352,9.857089172358414
Clarice Viana,173.095.624-61,heitor79@example.com,feminino,19,718.9765216063658,True,9.0,9.354611104857376,9.295423165508618,7.479220276563707
Samuel Silveira,527.968.134-28,araujovicente@example.com,masculino,28,656.8754987382137,False,,7.318624766571699,6.822531523525077,5.396220511564181
Henrique Vieira,718.605.492-76,maria-vitoriada-cruz@example.org,masculino,26,757.1436594258599,False,,6.219757601202863,7.745172982728321,7.847422185675959
Kevin Gomes,973.208.641-69,maria-vitoriapereira@example.net,masculino,23,772.3230874074228,True,6.0,7.408725343509378,5.73271868625018,6.308389681676012
Heloísa Ferreira,038.726.591-03,duarteigor@example.com,feminino,19,727.0886678283402,False,,6.763130562637397,5.249561505177657,7.229282663825485
Dra. Maria Eduarda Castro,647.519.380-10,alexia57@example.org,feminino,21,756.6557806219084,True,5.0,6.983453095698917,5.929706547565815,
Sra. Júlia da Cruz,349.758.012-05,valentinadias@example.net,feminino,27,640.5342051095797,True,4.0,5.117996973001656,,
Maria Luiza Pires,906.285.731-03,pdas-neves@example.org,feminino,23,726.9423770147484,True,6.0,8.753208116949233,5.653887293475397,8.789529706109391
Vitor Gabriel Teixeira,260.715.389-12,ncavalcanti@example.com,masculino,24,674.1286960036387,False,,5.909701338192984,7.98414785304957,8.275111740296754
André Caldeira,146.738.209-40,larissaoliveira@example.com,masculino,24,716.3586575530569,False,,5.126263199704897,7.04295868600826,6.790900582882619
Luiz Felipe da Mata,103.827.695-03,moraesyasmin@example.com,masculino,24,762.5043264385534,False,,8.921502303546223,7.911564400507849,5.071736520415933
Alice Jesus,136.758.042-08,castrodavi-lucca@example.org,feminino,21,757.0064059208141,True,3.0,7.816530298244888,,
Sr. Davi Luiz Carvalho,691.045.238-06,antonioda-paz@example.com,masculino,24,760.454926755093,True,1.0,,,
Igor Pinto,480.631.952-05,isabelalves@example.com,masculino,20,669.3125511890483,False,,8.54791151445813,5.476648474967572,9.93348055856495
Milena Rezende,415.092.763-43,pintomelissa@example.com,feminino,19,797.0176740906721,False,,7.243238434402216,8.298988746293933,7.908179178592308
Emanuelly Moura,681.325.974-19,pietro08@example.net,feminino,24,787.3375841062386,False,,5.324620668998288,8.002796137238912,6.727770806340004
Daniel Costa,147.962.308-31,miguelda-rosa@example.org,masculino,18,769.1215012343374,True,1.0,,,
Isabel Teixeira,091.274.368-96,azevedorafael@example.net,feminino,19,692.3270196605412,True,5.0,6.921881052072342,9.38771351098459,
Sabrina da Conceição,534.692.810-33,znogueira@example.net,feminino,22,641.084076073552,True,7.0,8.675974075295116,9.795197783347515,9.30377857526458
Dr. Erick Nogueira,538.049.176-66,maysaaraujo@example.com,masculino,26,710.0303304265466,True,6.0,6.6663142272622915,5.945799448856965,5.881909108126063
Clara Moraes,745.382.910-05,aliceda-rocha@example.net,feminino,28,759.7810145664616,True,1.0,,,
Caio Mendes,893.071.524-97,maria-alice74@example.net,masculino,23,749.1485971595403,True,7.0,7.366639345370023,9.373285699369635,7.566098011241145
Clara da Mata,413.908.625-42,pedro-miguel19@example.net,feminino,18,697.4555355691432,False,,8.503098409768397,7.429610295944665,7.885097473571218
Srta. Bárbara Fernandes,106.827.945-11,breno30@example.com,feminino,18,708.2479377621576,False,,8.912626885641673,9.170869919574384,6.823241465615201
Bianca da Costa,357.649.182-19,cnunes@example.org,feminino,28,641.6614355820069,False,,6.029710205370213,6.480490757117882,9.352930022885884
Gustavo Freitas,572.134.098-32,ramosisis@example.net,masculino,27,726.9397837107351,False,,6.209756735675756,5.827212875708654,5.875692511891965
Calebe da Conceição,518.362.907-21,pintojuan@example.net,masculino,19,718.1233658524542,True,6.0,6.268867147623217,6.509280305582088,8.197127485598958
Ana Clara Moraes,201.357.694-34,carvalhogabriela@example.net,feminino,28,680.9540615121128,True,4.0,6.537311204701528,,
Juliana Porto,385.427.690-74,ian45@example.net,feminino,24,683.7499103249513,True,3.0,6.451727263795507,,
Matheus da Costa,279.315.084-32,oda-luz@example.org,masculino,18,785.4296309954507,False,,7.338970249450427,5.770887429314308,6.480039579218596
Sra. Elisa Nunes,510.278.493-50,pedro-henrique14@example.net,feminino,26,654.7446319002153,True,7.0,5.3831632203710535,6.801067580309228,5.126334535433726
Pedro Miguel Barros,513.260.789-68,aazevedo@example.com,masculino,22,695.4919137985345,False,,6.935778793274175,9.828215411786468,6.748669687019747
Olivia Pires,437.816.952-55,fernandesian@example.com,feminino,24,792.7705571348195,True,6.0,5.843418470500329,8.990516631577469,7.688180565478836
Lucas Gabriel Rezende,236.974.508-83,tcaldeira@example.net,masculino,27,741.4689414779367,True,5.0,8.896030410256804,5.777214374635192,
Vitor Gabriel Lima,472.615.390-07,yda-rocha@example.org,masculino,22,729.7103021693249,True,5.0,9.757580981277645,8.659783451369336,
Srta. Pietra das Neves,146.938.725-55,aragaomaite@example.net,feminino,22,740.0580539776786,True,4.0,6.810707215228895,,
Gustavo Nunes,517.842.960-58,daniela19@example.net,masculino,26,709.377424651702,True,1.0,,,
Maria Luiza Ferreira,641.793.852-28,marianecostela@example.org,feminino,22,669.961394880282,True,1.0,,,
Marina Pires,076.935.218-95,peixotoana@example.org,feminino,19,652.9423879268677,False,,9.937635620556414,9.452200715417712,5.173505147409606
